self_0 
0.83 0.0 0.61 0.88 0.4 0.75 0.0 1.0 0.69 0.0 0.44 0.62 0.0 0.89 0.0 0.4 0.94 0.91 0.75 0.76 0.95 0.44 0.0 0.0 0.67 0.8 0.45 0.0 1.0 0.0 0.75 0.0 0.44 0.52 1.0 0.63 0.0 0.67 0.0 0.75 0.8 0.67 0.92 0.75 0.0 0.75 0.4 0.0 0.25 0.88 0.73 0.29 0.0 0.67 0.0 0.0 0.55 0.0 0.0 0.5 0.0 0.67 0.57 0.0 0.86 

bellwether_level2 
0.71 0.25 0.67 0.67 0.7 0.57 0.21 0.67 0.61 0.29 0.36 0.44 0.6 0.89 0.0 0.44 0.94 0.87 0.6 0.67 0.95 0.5 0.58 0.26 0.67 0.57 0.43 0.1 0.0 0.29 0.75 0.67 0.38 0.68 0.33 0.45 0.27 0.57 0.13 0.8 0.67 0.44 0.77 0.6 0.5 0.5 0.22 0.22 0.55 0.84 0.55 0.5 0.67 0.6 0.33 0.0 0.86 0.16 0.24 0.0 0.25 0.83 0.8 0.0 0.8 

bellwether_level1 
0.8 0.2 0.56 0.65 0.67 0.0 0.14 0.44 0.65 0.5 0.71 0.55 0.36 0.8 0.0 0.67 0.8 0.84 0.44 0.67 0.95 0.5 0.4 0.26 0.8 0.0 0.56 0.12 0.0 0.25 0.8 0.43 0.42 0.63 0.57 0.64 0.47 0.0 0.17 0.89 0.67 0.57 0.67 0.44 0.33 0.67 0.25 0.22 0.86 0.84 0.55 0.5 0.5 0.8 0.25 0.0 0.77 0.2 0.24 0.29 0.29 0.6 0.33 0.0 0.74 

bellwether_level0 
0.8 0.29 0.55 0.59 0.5 0.73 0.15 0.4 0.45 0.0 0.62 0.27 0.36 0.8 0.0 0.25 0.62 0.9 0.5 0.67 0.95 0.44 0.57 0.26 0.8 0.0 0.56 0.09 0.29 0.17 0.8 0.43 0.4 0.58 0.44 0.65 0.48 0.67 0.15 0.8 0.6 0.4 1.0 0.67 0.33 0.6 0.22 0.4 0.5 0.84 0.67 0.4 0.5 0.8 0.0 0.0 0.77 0.17 0.22 0.5 0.47 0.92 0.75 0.08 0.74 

