self_0 
0.79 0.0 0.65 0.91 0.33 0.76 0.0 1.0 0.85 0.0 0.44 0.67 0.0 0.83 0.37 0.81 0.91 0.78 0.0 0.53 0.0 0.0 0.56 0.0 0.48 0.0 1.0 0.0 0.68 0.0 0.38 0.49 1.0 0.55 0.0 0.56 0.0 0.65 0.72 0.56 0.91 0.83 0.0 0.83 0.87 0.0 0.33 0.83 0.69 0.29 0.0 0.56 0.0 0.45 0.0 0.0 0.54 0.0 0.56 0.45 0.0 0.85 

bellwether_level2 
0.0 0.59 0.38 0.8 0.54 0.0 0.0 0.51 0.81 0.0 0.62 0.37 0.52 0.68 0.35 0.61 0.33 0.0 0.0 0.56 0.07 0.56 0.56 0.24 0.11 0.45 0.0 0.57 0.0 0.0 0.49 0.47 0.48 0.72 0.31 0.77 0.38 0.0 0.62 0.88 0.38 0.37 0.77 0.72 0.67 0.0 0.51 0.53 0.65 0.29 0.0 0.56 0.62 0.33 0.6 0.27 0.0 0.0 0.0 1.0 0.0 0.88 

bellwether_level1 
0.0 0.71 0.67 0.65 0.39 0.0 0.73 0.83 0.84 0.0 0.49 0.53 0.52 0.83 0.83 0.65 0.56 0.56 0.0 0.68 0.0 0.47 0.56 0.0 0.11 0.61 0.0 0.92 0.0 0.63 0.68 0.71 0.56 0.77 0.47 0.0 0.38 0.0 0.0 0.0 0.53 1.0 0.0 0.83 0.0 0.0 0.0 0.43 0.65 0.38 0.0 0.29 0.91 0.0 0.29 0.51 0.0 0.66 0.0 0.24 0.6 0.56 

bellwether_level0 
0.0 0.59 0.38 0.75 0.39 0.51 0.73 0.83 0.81 0.0 0.45 0.49 0.78 0.83 0.83 0.65 0.37 0.0 0.0 0.64 0.21 0.42 0.56 0.0 0.47 0.61 0.0 0.92 0.0 0.0 0.26 0.61 0.0 0.72 0.47 0.0 0.38 0.24 0.62 0.0 0.56 1.0 0.0 0.68 0.0 0.0 0.35 0.53 0.77 0.26 0.5 0.29 0.91 0.0 0.0 0.51 0.62 0.91 0.0 0.0 0.0 0.85 

