self_0 
0.125 0.33 0.41 0.41 0.345 0.33 0.75 0.5 0.33 0.0 0.365 0.355 0.71 0.225 0.0 0.33 0.42 0.4 0.355 0.295 0.5 0.585 0.665 0.33 0.29000000000000004 0.45 0.675 0.0 0.635 0.25 0.365 0.5 0.32 0.5 0.33 0.4 0.42 0.0 0.71 0.25 0.29000000000000004 0.0 0.5 0.33 0.0 0.2 0.29000000000000004 0.345 0.31 0.47 0.315 0.33 0.0 0.33 0.365 0.0 0.33 0.8 0.5 0.1 0.5349999999999999 0.25 0.2 0.0 0.33 0.27 0.51 0.585 0.5 0.245 0.33 0.735 0.355 0.345 0.475 0.415 0.5800000000000001 0.38 0.31 0.355 0.29000000000000004 0.39 0.465 0.0 0.0 0.5 0.33 0.64 0.1 0.465 0.355 0.365 0.0 0.415 0.6950000000000001 0.355 0.615 0.355 0.5 0.5 0.5700000000000001 0.4 0.445 0.29000000000000004 0.62 0.33 0.0 0.445 0.57 0.125 0.5 0.415 0.365 0.585 0.33 0.31 0.4 0.25 0.0 0.0 0.45 0.28500000000000003 0.5 0.44 0.415 0.4 0.0 0.125 0.45 0.445 0.4 0.415 0.33 0.42 0.225 0.33 0.365 0.28500000000000003 0.585 0.41 0.405 0.0 0.165 0.5 0.0 0.33 0.42 0.4 0.29000000000000004 0.5 0.0 0.0 0.79 0.0 0.5 0.25 0.635 0.725 0.27 0.5 0.0 0.0 0.33 0.415 0.635 0.38 0.44 0.5 0.0 0.33 0.29000000000000004 0.465 0.27 0.385 0.33 0.0 0.33 0.365 0.0 0.415 0.45 0.29 0.45 0.67 0.415 0.25 0.39 0.2 0.575 0.4 0.45 0.0 0.405 0.4 0.635 0.4 0.33 0.33 0.355 0.29 0.375 0.43 0.5 0.29000000000000004 0.5 0.29000000000000004 0.415 0.71 0.7 0.33 0.52 0.33 0.67 0.0 0.25 0.445 0.33 0.27 0.415 0.56 0.33 0.595 0.33 0.33 0.585 0.55 0.0 0.91 0.38 0.39 0.4 0.39 0.33 0.74 0.39 0.5 0.5 0.415 0.33 0.75 0.73 0.33 0.75 0.085 0.465 0.47 0.33 0.435 0.225 0.365 0.33 0.0 0.5 0.33 0.33 0.29000000000000004 0.125 0.25 0.0 0.33 0.5 0.355 0.45 0.0 0.0 0.44 0.6 0.5 0.25 0.5 0.0 0.33 

BUBBLE_level2 
0.33 0.0 0.47 0.38 0.45 0.0 0.6000000000000001 0.45 0.305 0.0 0.585 0.355 0.34 0.2 0.0 0.29000000000000004 0.0 0.33 0.27 0.225 0.0 0.395 0.665 0.125 0.0 0.4 0.695 0.0 0.5 0.0 0.365 0.5 0.585 0.695 0.0 0.505 0.355 0.0 0.645 0.2 0.29000000000000004 0.0 0.33 0.25 0.0 0.225 0.33 0.5 0.45 0.33 0.29 0.365 0.0 0.25 0.0 0.33 0.255 0.59 0.43 0.0 0.33 0.2 0.0 0.355 0.25 0.15500000000000005 0.31 0.465 0.345 0.27 0.38 0.835 0.5 0.0 0.5349999999999999 0.38 0.0 0.0 0.0 0.47 0.1 0.5 0.0 0.135 0.0 0.0 0.2 0.0 0.31 0.26 0.365 0.21 0.0 0.25 0.6399999999999999 0.635 0.7250000000000001 0.165 0.1 0.0 0.645 0.0 0.54 0.0 0.425 0.0 0.43 0.7350000000000001 0.585 0.0 0.5 0.365 0.33 0.5 0.415 0.0 0.415 0.2 0.2 0.29000000000000004 0.0 0.0 0.0 0.5 0.0 0.125 0.0 0.0 0.415 0.0 0.25 0.45 0.0 0.5 0.33 0.5 0.0 0.44 0.0 0.0 0.4 0.0 0.29 0.29 0.0 0.0 0.31 0.0 0.165 0.0 0.0 0.33 0.435 0.0 0.55 0.0 0.52 0.655 0.29000000000000004 0.56 0.29000000000000004 0.0 0.33 0.29 0.425 0.71 0.39 0.33 0.29000000000000004 0.0 0.17 0.43 0.265 0.39 0.0 0.4 0.0 0.0 0.275 0.38 0.0 0.25 0.33 0.5549999999999999 0.6 0.0 0.33 0.25 0.775 0.225 0.265 0.25 0.625 0.27 0.0 0.0 0.225 0.0 0.3 0.29 0.69 0.0 0.225 0.0 0.5 0.25 0.67 0.355 0.73 0.1 0.775 0.0 0.5 0.0 0.2 0.45 0.465 0.25 0.0 0.455 0.38 0.67 0.33 0.365 0.67 0.39 0.33 0.8 0.33 0.33 0.0 0.29000000000000004 0.4 0.365 0.0 0.0 0.0 0.45 0.0 0.6699999999999999 0.365 0.55 0.585 0.0 0.43 0.395 0.165 0.8 0.225 0.0 0.0 0.0 0.365 0.365 0.0 0.0 0.0 0.0 0.125 0.0 0.33 0.355 0.45 0.25 0.365 0.31 0.625 0.345 0.0 0.415 0.0 0.0 

BUBBLE_level1 
0.33 0.0 0.505 0.37 0.45 0.33 0.37 0.31 0.39 0.25 0.33 0.355 0.34 0.1 0.225 0.0 0.475 0.33 0.0 0.225 0.45 0.25 0.485 0.29 0.0 0.4 0.545 0.225 0.445 0.0 0.585 0.5 0.37 0.48 0.33 0.38 0.635 0.0 0.52 0.25 0.33 0.0 0.45 0.33 0.0 0.2 0.25 0.145 0.33 0.39 0.27 0.4 0.29000000000000004 0.4 0.45 0.25 0.415 0.405 0.295 0.125 0.405 0.2 0.0 0.5 0.25 0.365 0.31 0.33 0.33 0.27 0.4 0.395 0.21 0.415 0.5349999999999999 0.0 0.38 0.0 0.2 0.35 0.29000000000000004 0.5 0.0 0.135 0.0 0.0 0.225 0.62 0.33 0.26 0.33 0.125 0.25 0.29000000000000004 0.575 0.45 0.465 0.0 0.25 0.33 0.4 0.5 0.44 0.0 0.475 0.165 0.0 0.7350000000000001 0.5900000000000001 0.2 0.5 0.365 0.33 0.5 0.375 0.0 0.365 0.2 0.2 0.25 0.33 0.0 0.165 0.4 0.0 0.29000000000000004 0.0 0.25 0.5 0.335 0.4 0.235 0.0 0.33 0.0 0.5 0.29000000000000004 0.31 0.0 0.0 0.39 0.25 0.25 0.11 0.0 0.33 0.36 0.33 0.0 0.0 0.2 0.0 0.575 0.0 0.55 0.085 0.365 0.405 0.25 0.56 0.415 0.17 0.5 0.5 0.32 0.44 0.38 0.415 0.29000000000000004 0.0 0.125 0.2 0.185 0.4 0.0 0.33 0.25 0.0 0.0 0.5 0.0 0.165 0.645 0.395 0.415 0.0 0.33 0.25 0.5700000000000001 0.25 0.365 0.165 0.43 0.25 0.34 0.25 0.25 0.0 0.515 0.2 0.34 0.0 0.33 0.29000000000000004 0.5 0.0 0.0 0.465 0.73 0.185 0.475 0.33 0.26 0.0 0.2 0.0 0.33 0.225 0.465 0.525 0.5 0.48 0.33 0.25 0.0 0.0 0.33 0.43 0.5 0.0 0.0 0.31 0.125 0.485 0.0 0.29 0.6399999999999999 0.33 0.0 0.67 0.485 0.0 0.585 0.165 0.33 0.2 0.0 0.41 0.0 0.29000000000000004 0.25 0.25 0.39 0.125 0.0 0.0 0.0 0.21 0.225 0.33 0.0 0.0 0.0 0.17 0.25 0.165 0.785 0.5 0.25 0.31 0.0 0.225 

BUBBLE_level0 
0.125 0.33 0.67 0.5 0.5 0.33 0.645 0.25 0.37 0.0 0.33 0.5 0.63 0.1 0.225 0.0 0.42 0.33 0.5349999999999999 0.31 0.5 0.25 0.485 0.29 0.0 0.435 0.41 0.2 0.43 0.25 0.5 0.5 0.47 0.71 0.25 0.38 0.39 0.0 0.52 0.29000000000000004 0.33 0.0 0.5 0.25 0.0 0.2 0.365 0.44 0.33 0.355 0.33 0.4 0.0 0.365 0.0 0.17 0.29000000000000004 0.405 0.33 0.125 0.405 0.33 0.0 0.5 0.33 0.2 0.31 0.315 0.33 0.22 0.29000000000000004 0.395 0.21 0.25 0.36 0.25 0.33 0.0 0.2 0.345 0.1 0.25 0.31 0.28 0.0 0.0 0.0 0.355 0.29000000000000004 0.26 0.25 0.25 0.25 0.29000000000000004 0.4 0.225 0.43 0.27 0.25 0.33 0.4 0.25 0.44 0.0 0.345 0.1 0.25 0.355 0.435 0.0 0.355 0.28500000000000003 0.29000000000000004 0.365 0.25 0.0 0.255 0.185 0.29000000000000004 0.25 0.25 0.365 0.27 0.4 0.1 0.125 0.2 0.0 0.355 0.5 0.25 0.235 0.25 0.33 0.29000000000000004 0.25 0.0 0.33 0.36 0.53 0.33 0.225 0.25 0.31 0.225 0.29000000000000004 0.38 0.39 0.0 0.29000000000000004 0.2 0.25 0.345 0.4 0.39 0.21 0.43 0.37 0.355 0.45 0.31 0.0 0.27 0.33 0.38 0.0 0.38 0.125 0.0 0.29000000000000004 0.1 0.29000000000000004 0.185 0.33 0.2 0.25 0.2 0.2 0.365 0.315 0.29000000000000004 0.17 0.33 0.54 0.37 0.0 0.25 0.25 0.435 0.365 0.27 0.33 0.44 0.28500000000000003 0.365 0.345 0.29 0.33 0.295 0.275 0.295 0.33 0.355 0.0 0.315 0.25 0.425 0.465 0.34 0.29000000000000004 0.415 0.265 0.26 0.0 0.2 0.33 0.355 0.29 0.38 0.415 0.225 0.565 0.29 0.33 0.195 0.415 0.1 0.43 0.315 0.5 0.125 0.31 0.25 0.485 0.33 0.33 0.46 0.085 0.25 0.56 0.335 0.5 0.39 0.25 0.43 0.4 0.29000000000000004 0.43 0.29000000000000004 0.31 0.25 0.33 0.39 0.5 0.0 0.0 0.0 0.25 0.2 0.0 0.33 0.315 0.27 0.15500000000000005 0.225 0.1 0.425 0.465 0.33 0.33 0.29000000000000004 0.245 

bellwether0 
0.33 0.33 0.52 0.54 0.45 0.415 0.37 0.31 0.53 0.25 0.38 0.55 0.5 0.1 0.5 0.0 0.475 0.27 0.275 0.31 0.345 0.435 0.525 0.225 0.55 0.73 0.545 0.225 0.445 0.0 0.26 0.775 0.36 0.595 0.0 0.405 0.4 0.0 0.685 0.33 0.29000000000000004 0.29000000000000004 0.33 0.33 0.25 0.27 0.25 0.145 0.29000000000000004 0.47 0.5 0.39 0.0 0.4 0.45 0.25 0.415 0.255 0.295 0.2 0.39 0.2 0.0 0.44 0.29 0.15500000000000005 0.295 0.25 0.33 0.22 0.25 0.37 0.2 0.21 0.32 0.2 0.315 0.25 0.17 0.29 0.185 0.25 0.27 0.24 0.0 0.0 0.1 0.33 0.27 0.25 0.29 0.0 0.2 0.25 0.325 0.225 0.395 0.235 0.29 0.315 0.32 0.235 0.355 0.1 0.28 0.0 0.29000000000000004 0.36 0.29 0.085 0.365 0.4 0.25 0.355 0.25 0.2 0.225 0.185 0.0 0.2 0.225 0.235 0.0 0.33 0.185 0.25 0.2 0.0 0.25 0.325 0.25 0.25 0.0 0.27 0.33 0.415 0.0 0.38 0.67 0.675 0.43 0.0 0.225 0.125 0.25 0.0 0.5 0.5 0.0 0.415 0.0 0.0 0.64 0.0 0.415 0.0 0.69 0.55 0.45 0.55 0.33 0.0 0.29000000000000004 0.33 0.48 0.33 0.43 0.365 0.0 0.0 0.0 0.33 0.225 0.465 0.0 0.365 0.0 0.0 0.27 0.0 0.0 0.33 0.5 0.425 0.515 0.1 0.415 0.29000000000000004 0.585 0.27 0.27 0.25 0.415 0.29 0.365 0.4 0.29000000000000004 0.0 0.38 0.365 0.53 0.165 0.225 0.0 0.5 0.415 0.75 0.865 0.67 0.67 0.775 0.0 0.0 0.0 0.0 0.0 0.0 0.0 0.25 0.6799999999999999 0.415 0.8049999999999999 0.0 0.5 0.0 0.0 0.0 0.95 0.5 0.33 0.5 0.5 0.5 0.0 0.5 0.8 0.0 0.0 0.0 0.765 0.8 0.5700000000000001 0.25 0.0 0.5 0.56 0.0 0.835 0.0 0.5 0.0 0.0 0.415 0.5 0.0 0.0 0.55 0.0 0.165 0.0 0.0 0.0 0.5 0.0 0.0 0.585 0.7250000000000001 0.5 0.0 0.635 0.0 0.0 

