self_0 
0.17 0.25 0.31999999999999995 0.29 0.25 0.30000000000000004 0.15 0.0 0.22 0.0 0.4 0.215 0.175 0.75 0.14 0.25 0.25 0.4 0.2 0.25 0.2 0.335 0.16 0.625 0.75 0.21 0.15000000000000002 0.07 0.19 0.0 0.5 0.28 0.245 0.25 0.335 0.23 0.185 0.165 0.5 0.4 0.2 0.165 0.67 0.125 0.5 0.4 0.17 0.33 0.29000000000000004 0.67 0.2 0.0 0.325 0.30000000000000004 0.5 0.4 0.08 0.105 0.33 0.335 0.125 0.5 0.0 0.415 0.33 0.315 0.18 0.17 0.365 0.135 0.13 0.75 0.175 0.25 0.30000000000000004 0.33 0.5 0.18 0.5 0.5 0.21 0.035 0.0 0.125 0.75 0.13 0.29 0.5 0.33 0.17 0.225 0.2 0.75 0.19 0.29 0.335 0.06 0.375 0.29 0.74 0.0 0.16999999999999998 0.0 0.13 0.33 0.175 0.33 0.28 0.17 0.33 0.195 0.5 0.5 0.2 0.2 0.0 0.225 0.3 0.225 0.29 0.57 0.25 0.5 0.33 0.2 0.26 0.585 0.25 0.29 0.0 0.38 0.33 0.14 0.0 0.5 0.18 0.08 0.335 0.585 0.215 0.23 0.125 0.375 0.29 0.75 0.5 0.5 0.33 0.2 0.18 0.0 0.4 1.0 0.24 0.185 0.165 0.175 0.085 0.0 0.185 0.265 0.31999999999999995 0.4 0.38 0.265 0.25 0.67 0.33 0.08 0.75 0.055 0.5 0.33 0.0 0.115 0.225 0.5 0.31 0.11 0.0 0.385 0.0 0.095 0.33 0.5 0.165 0.47 0.4 0.225 0.115 0.33 0.25 0.38 0.5 0.5 0.0 0.4 0.29000000000000004 0.33 0.325 0.205 0.09 0.18 0.5 0.23 0.30000000000000004 0.24 0.0 0.33 0.38 1.0 0.0 0.55 0.315 0.5 0.03 0.22 0.5 0.07 0.2 0.15500000000000005 0.125 0.25 0.29 0.585 1.0 0.25 0.21 0.395 0.21 0.35 0.67 0.25 0.065 0.18 0.25 0.08499999999999999 0.13 0.365 0.425 0.5 0.42 0.2 0.55 0.2 0.12 0.2 0.15500000000000005 0.5 1.0 0.25 0.415 0.2 0.585 0.14 0.33 0.15500000000000005 0.15500000000000005 0.0 0.19 0.17 0.67 0.0 0.17 0.4 

BUBBLE_level2 
0.365 0.0 0.12 0.295 0.12 0.0 0.42 0.5 0.195 0.1 0.17 0.14 0.905 1.0 0.07 0.375 0.0 0.6 1.0 0.5 0.0 0.48 0.46 0.25 0.0 0.5 0.14 0.07 0.38 0.0 0.36 0.2 0.55 0.0 0.2 0.42 0.0 0.265 1.0 0.325 0.0 0.0 0.33 0.0 0.585 0.4 0.23 0.25 0.25 0.33 0.45 0.2 0.45 0.0 1.0 0.75 0.295 0.395 0.33 0.29 0.75 0.0 0.645 0.415 1.0 0.365 0.455 0.325 0.4 0.1 0.195 0.0 0.125 0.5349999999999999 0.0 0.0 0.0 0.5 0.5 0.2 0.0 0.105 0.4 0.125 0.0 0.8049999999999999 0.895 0.25 0.415 0.085 0.675 0.29500000000000004 1.0 0.2 0.0 0.13 0.03 0.14500000000000002 0.13 0.5 0.0 0.44 0.0 0.525 0.0 0.315 0.0 0.14 0.25 0.33 0.28 0.25 0.0 0.14 0.675 0.38 0.4 0.15500000000000005 0.0 0.0 0.06 0.0 0.25 0.0 0.35 0.0 0.0 0.5 0.71 0.0 0.19 0.33 0.29 0.0 0.2 0.0 0.0 0.88 0.0 0.8049999999999999 0.29 0.25 0.25 0.405 0.0 0.0 0.0 0.33 0.2 0.36 0.0 0.15000000000000002 0.0 0.29500000000000004 0.05 0.0 0.15 0.55 0.4 0.56 0.6 0.35 0.4 0.41 0.45 0.585 0.165 1.0 0.72 0.0 0.5 0.0 0.0 1.0 0.92 0.0 0.0 0.9 0.32 0.0 0.67 0.0 0.125 0.67 0.125 0.5 0.105 0.55 0.0 0.11 0.185 0.0 0.62 0.25 0.1 0.0 0.0 0.0 0.055 0.25 0.24 0.44 0.07 0.0 0.03 0.0 0.375 0.0 0.585 0.115 0.0 0.0 0.0 0.4 0.75 0.0 0.22 0.5 0.1 0.4 0.14 0.05 0.5 0.0 0.0 0.0 0.56 0.25 0.0 0.0 0.0 0.25 0.0 0.265 0.5700000000000001 0.1 0.12 0.12 0.365 0.5 0.0 0.2 0.2 0.125 0.0 0.0 0.105 0.29 0.0 0.0 0.0 0.0 0.2 0.0 1.0 0.17 0.38 0.29 0.5 0.18 0.55 0.0 0.67 0.0 0.0 

BUBBLE_level1 
0.365 0.12 0.24 0.295 0.27 0.7 0.44 0.635 0.465 0.45 0.6 0.14 0.905 0.0 0.31 0.125 0.56 0.6 0.0 0.5 0.155 0.0 0.35 0.75 0.0 0.5 0.28500000000000003 0.23 0.72 0.0 0.29 0.31 0.245 0.415 0.485 0.28 0.2 0.47 1.0 0.45 0.30000000000000004 0.585 0.33 0.125 0.5 0.55 0.23 0.415 0.71 0.165 0.35 0.30000000000000004 0.55 0.09 0.5 0.2 0.04 0.71 0.33 0.57 0.5 0.0 0.045 0.415 0.33 0.365 0.81 0.205 0.8 0.395 0.71 0.0 0.125 0.0 0.96 0.0 0.0 0.825 0.25 0.325 0.0 0.105 0.4 0.375 0.125 0.29 0.79 0.25 0.29000000000000004 0.33 0.325 0.22 0.25 0.565 0.0 0.36 0.35 0.42 0.14 0.3 0.0 0.395 0.0 0.0 0.0 0.415 0.67 0.17 0.25 0.67 0.28 0.0 0.0 0.25 0.675 0.38 0.5 0.415 0.0 0.07 0.14 0.415 0.25 0.0 0.6 0.0 0.76 0.25 0.845 0.0 0.39 0.0 0.29 0.0 0.8 0.0 0.0 0.25 0.585 0.28500000000000003 0.14 0.0 0.25 0.14 0.0 0.0 0.5 1.0 0.2 0.29500000000000004 0.0 0.15000000000000002 0.0 0.865 0.415 0.0 0.15 0.2 0.6 0.38 0.30000000000000004 0.5 0.8 0.38 0.33 0.585 0.33 0.33 0.19 0.0 0.33 0.875 0.0 0.12 0.22 0.0 0.0 0.33 0.36 0.5 0.56 0.0 0.22 0.33 0.25 0.33 0.33 0.6 0.595 0.11 0.33 0.125 0.16999999999999998 0.0 0.5 0.0 0.2 0.33 0.11 0.0 0.0 0.29000000000000004 0.145 0.0 0.225 0.45 0.58 0.0 0.67 0.0 0.0 0.0 0.17 0.325 0.25 0.35 0.11 0.1 0.0 0.0 0.14 0.48 0.12 0.0 0.415 0.415 0.12 0.5 0.0 0.71 0.1 0.585 0.0 0.065 0.425 0.0 0.12 0.13 0.1 0.045 0.0 0.26 0.0 0.45 0.55 0.5349999999999999 0.42 0.14 0.29000000000000004 0.0 0.0 0.585 0.30000000000000004 0.0 0.0 0.0 0.0 0.5 0.585 0.135 0.175 0.67 0.78 0.0 0.45 

BUBBLE_level0 
0.185 0.315 0.18 0.12 0.41 0.7 0.315 0.365 0.195 0.2 0.6 0.13 0.3 0.25 0.31 0.0 0.32 0.6 0.25 0.0 0.1 0.0 0.325 0.75 0.0 0.24 0.96 0.6399999999999999 0.27 0.5 0.14 0.31 0.07500000000000001 0.29000000000000004 0.485 0.48 0.17 0.47 0.5 0.45 0.30000000000000004 0.0 0.33 0.125 0.5 0.55 0.62 0.415 0.25 0.5 0.35 0.0 0.325 0.0 0.585 0.2 0.04 0.465 0.33 0.57 0.25 0.0 0.045 0.25 0.585 0.365 0.595 0.345 0.185 0.395 0.71 1.0 0.375 0.38 0.27 0.0 0.0 0.22 0.0 0.2 0.36 0.32 0.4 0.375 0.25 0.405 0.79 0.25 0.33 0.33 0.325 0.33 0.0 0.365 0.5 0.36 0.35 0.42 0.595 0.3 0.0 0.45 0.0 0.405 0.155 0.33 0.33 0.36 0.75 0.165 0.25 0.5 0.0 0.4 0.8 0.215 0.5 0.69 0.0 0.15500000000000005 0.14 0.585 0.25 0.71 0.5 0.22 0.325 0.55 0.845 0.33 0.39 0.29000000000000004 0.13 0.0 1.0 0.45 1.0 0.12 0.585 0.8049999999999999 0.71 0.875 0.5 0.27 0.375 0.5 0.5 1.0 0.6 0.565 0.585 0.425 0.75 0.46 0.575 1.0 0.29 1.0 0.4 0.62 0.6 0.56 0.0 0.25 0.2 0.0 0.415 0.125 0.5 1.0 0.33 0.835 0.67 0.355 0.855 0.55 0.0 0.95 0.265 0.0 0.89 0.0 0.42 0.29000000000000004 0.71 0.33 0.11 1.0 1.0 0.885 0.33 0.25 0.62 1.0 0.74 0.835 0.2 0.29000000000000004 0.44 0.375 0.38 0.29000000000000004 0.71 0.0 0.245 0.185 0.58 0.0 0.5 0.315 0.75 1.0 0.17 0.315 0.25 0.28 0.33 0.0 0.9 0.2 0.23 0.48 0.8049999999999999 0.07 0.33 0.415 0.645 0.5 0.195 0.42 0.22 0.33 0.25 0.185 0.71 0.2 0.39 0.475 0.3 0.3 0.5 0.38 0.1 0.675 0.5 0.5 0.42 0.17 0.25 0.75 0.0 0.33 0.8 0.0 0.43 0.15500000000000005 0.33 0.71 0.33 0.51 0.30000000000000004 0.33 0.89 0.365 0.5 

bellwether0 
0.365 0.25 0.38 0.35 0.27 0.4 0.44 0.635 0.29500000000000004 0.45 0.185 0.25 0.335 0.0 0.845 0.125 0.56 0.6 0.81 0.0 0.74 0.83 0.53 0.25 1.0 0.135 0.28500000000000003 0.23 0.72 0.0 0.93 0.315 0.515 0.125 0.47 0.73 0.2 0.25 0.5 0.5 0.635 0.165 0.33 0.675 0.5 0.55 0.23 0.0 0.625 0.33 0.2 0.0 0.55 0.09 0.5 0.2 1.0 0.71 0.585 0.71 0.5 0.0 1.0 0.085 1.0 0.74 0.55 0.41 0.365 0.395 0.815 1.0 0.6000000000000001 0.38 0.525 0.33 0.0 0.3 0.5 0.30000000000000004 0.325 0.36 0.4 0.25 0.25 0.43 0.79 0.25 0.29000000000000004 0.5 0.675 0.485 0.0 0.375 0.57 0.5349999999999999 0.24 0.605 0.57 0.35 0.0 0.63 0.0 0.27 0.315 0.61 0.33 0.31 0.42 0.5 0.44 0.5 0.0 0.38 0.325 0.33 0.75 0.62 0.4 0.07 0.25 0.75 0.325 1.0 0.4 0.5 0.73 0.5 0.5 0.33 0.56 0.33 0.29 0.0 0.4 0.36 0.3 0.335 0.0 0.27 0.23 0.5 0.25 0.29 0.415 0.0 0.5 0.33 0.0 0.15 0.0 0.045 0.0 0.175 0.04 0.33 0.27 0.4 0.2 0.25 0.365 0.265 0.4 0.38 0.33 0.0 0.0 0.0 0.23 0.0 0.165 0.585 0.0 0.88 0.0 0.1 0.0 0.155 0.405 0.0 0.235 0.0 0.15000000000000002 0.67 0.71 0.5 0.44 0.6 0.99 0.33 0.17 0.25 0.12 0.0 0.2 0.33 0.0 0.33 0.055 0.2 0.35 0.19 0.09 0.25 0.06 0.185 0.08 0.0 0.0 0.0 0.0 0.0 0.0 0.4 0.0 0.22 0.0 0.25 0.0 0.0 0.14 0.37 0.25 0.0 0.415 0.33 0.355 0.0 0.29 0.21 0.0 0.0 0.0 0.34 0.205 0.895 0.03 0.0 0.15000000000000002 0.0 0.0 0.24 0.0 0.325 0.0 0.0 0.155 0.25 0.0 0.0 0.625 0.0 0.2 0.0 0.14 0.0 0.14 0.0 0.0 0.16 0.7 0.165 0.315 0.17 0.2 

