self_0 
0.415 0.0 0.53 0.61 0.665 0.635 0.115 1.0 0.495 0.0 0.61 0.67 0.225 0.815 0.0 0.415 0.91 0.585 0.81 0.95 0.5 0.545 0.15000000000000002 0.45 0.815 0.61 0.125 0.0 0.0 1.0 0.2 0.43 1.0 0.54 0.67 0.5 0.21 0.0 0.25 0.67 0.29000000000000004 0.0 0.93 0.6 0.0 0.71 0.5 0.27 0.69 0.775 0.705 0.33 0.0 0.5 0.17 0.67 0.5 0.08 0.29000000000000004 0.5 0.5 0.5 0.67 0.0 0.565 0.8 0.595 0.225 0.25 1.0 0.645 0.255 0.5 0.875 0.445 0.365 0.25 0.5349999999999999 0.86 0.7250000000000001 0.815 0.69 0.14 0.115 0.0 0.9 1.0 0.815 0.125 0.185 0.75 0.635 0.0 0.585 0.415 0.895 0.13 0.61 0.355 0.5 0.575 0.45 0.845 1.0 0.115 1.0 0.375 0.75 0.48 0.5 0.0 0.0 0.775 0.0 0.83 0.915 0.345 0.5 0.0 0.0 0.225 0.79 0.33 0.675 0.585 0.5 0.0 0.0 0.5900000000000001 0.74 0.71 0.225 1.0 0.62 0.7350000000000001 0.325 1.0 0.69 0.5349999999999999 0.67 0.67 0.365 0.0 0.5 0.225 0.33 0.81 0.73 0.71 0.75 0.0 0.585 0.3 0.665 0.565 0.75 0.295 0.375 0.875 0.525 0.165 0.0 0.0 0.5 0.26 0.82 0.5 0.5 0.5 0.5 0.5 0.9 1.0 0.135 0.75 0.29000000000000004 0.365 0.635 0.1 0.415 0.375 0.8300000000000001 0.45 0.39 0.95 1.0 0.4 1.0 0.23 0.585 0.69 0.6 0.67 0.655 0.12 0.4 0.415 0.415 0.5 0.86 0.6950000000000001 1.0 0.55 0.67 0.685 0.365 0.31 0.0 0.29000000000000004 0.765 0.59 0.415 0.5 1.0 0.5 0.61 0.9 1.0 0.74 0.49 0.69 0.935 0.5 0.5 0.585 0.49 0.125 0.26 0.31 0.685 0.6 0.705 0.0 0.555 0.33 0.53 0.5 0.5 0.55 0.645 0.25 0.555 0.5 0.0 0.5 0.705 0.79 0.585 0.635 0.5 0.33 0.0 0.55 0.5 0.33 0.75 0.5 0.73 0.0 0.69 0.5 0.81 0.71 0.0 0.415 0.93 0.485 0.635 0.5 0.67 0.415 0.5 

BUBBLE_level2 
0.33 0.0 0.71 0.565 0.585 0.0 0.13 0.0 0.61 0.0 0.645 0.71 0.13 0.775 0.0 0.21 1.0 0.25 0.5 0.895 0.0 0.41 0.115 0.225 0.5 0.475 0.0 0.0 0.12 0.875 0.45 0.43 1.0 0.37 1.0 0.565 0.27 0.0 0.09 0.6 0.415 0.0 1.0 0.75 0.0 0.67 0.45 0.165 0.55 0.415 0.86 0.21 0.0 0.465 0.0 0.415 0.505 0.09 0.105 0.5 0.44 0.465 0.0 0.0 0.645 0.67 0.5 0.0 0.4 1.0 0.69 0.26 0.21 0.0 0.56 0.225 0.0 0.0 1.0 0.5 0.8 0.585 0.0 0.0 0.33 0.0 1.0 0.0 0.15500000000000005 0.12 0.775 0.29000000000000004 0.0 0.39 0.28 0.83 0.135 1.0 0.35 0.0 0.65 0.415 0.845 0.5 0.09 0.0 0.29 1.0 0.38 0.165 0.2 0.0 0.73 0.0 0.915 1.0 0.5 0.25 0.125 0.165 0.0 1.0 0.0 0.9 0.0 0.415 0.585 0.225 0.585 0.0 0.55 0.185 0.0 0.655 0.55 0.45 0.0 0.71 0.0 0.0 0.5 0.0 0.14 0.415 0.0 0.0 0.74 1.0 1.0 0.0 0.585 0.5 0.19 0.0 0.79 0.0 0.405 0.5 1.0 0.565 0.125 0.0 0.15500000000000005 0.43 0.33 0.6 0.61 0.45 0.29000000000000004 0.635 0.5 0.95 1.0 0.26 0.0 0.185 0.0 0.0 0.11 0.14 0.0 1.0 0.4 0.205 1.0 0.9 0.4 1.0 0.205 0.635 0.585 0.5 0.75 0.5 0.0 0.0 0.5 0.0 0.5 0.93 0.8400000000000001 0.0 1.0 0.0 0.875 0.67 0.17 0.06 0.285 1.0 0.625 0.0 0.0 0.0 0.5 0.71 1.0 0.9 0.0 0.45 0.6 0.71 0.5 0.6 0.5 0.055 0.33 0.33 0.33 1.0 0.5 1.0 0.2 0.565 0.0 0.0 0.0 0.585 0.0 0.1 0.13 0.29000000000000004 0.27 0.0 0.5900000000000001 0.695 0.835 0.445 0.775 0.0 0.0 0.0 0.635 0.45 0.0 0.25 0.0 0.0 0.0 0.625 0.36 0.88 0.0 0.125 0.0 1.0 0.525 0.39 0.75 0.05 0.0 0.75 

BUBBLE_level1 
0.33 0.0 0.56 0.63 0.6 0.47 0.165 0.33 0.42 0.25 0.635 0.71 0.13 0.9 0.0 0.75 0.81 0.25 1.0 0.895 0.45 0.75 0.135 0.5 0.0 0.475 0.08 0.0 0.12 0.585 0.33 0.355 1.0 0.52 0.635 0.5 0.06 0.0 0.18 0.5 0.6 0.0 0.75 0.585 0.0 0.71 0.325 0.31 0.67 0.685 0.93 0.245 0.0 0.365 0.0 0.5 0.5 0.055 0.095 0.625 0.5 0.45 0.0 0.0 0.645 0.775 0.5 0.11 0.44 1.0 0.56 0.2 0.34 0.95 0.56 0.0 0.25 0.0 1.0 0.52 0.79 0.585 0.0 0.0 0.33 0.0 1.0 0.945 0.085 0.105 0.775 0.33 0.29000000000000004 0.45 0.345 0.94 0.07500000000000001 0.0 0.4 0.245 0.5 0.415 0.875 1.0 0.095 1.0 0.5 1.0 0.27 0.45 0.0 0.0 0.67 0.0 0.55 1.0 0.415 0.25 0.125 0.33 0.2 1.0 0.67 0.8 0.33 0.55 0.0 0.1 0.75 0.725 0.635 0.29 0.25 0.64 0.5 0.45 1.0 0.67 0.0 0.0 0.67 0.5 0.225 0.0 0.0 0.365 0.8200000000000001 1.0 1.0 0.5 0.4 0.375 0.205 0.125 0.79 0.8 0.26 0.295 1.0 0.565 0.1 0.0 0.21 0.0 0.355 0.655 0.5349999999999999 0.415 0.29000000000000004 0.585 0.67 1.0 1.0 0.085 0.0 0.25 0.5 0.835 0.0 0.355 0.0 1.0 0.5 0.21 1.0 0.9 0.39 1.0 0.24 0.71 0.5 0.0 0.695 0.565 0.055 0.165 0.465 0.0 0.67 1.0 0.71 0.0 0.635 0.165 0.8 0.835 0.0 0.07 0.31 0.835 0.59 0.33 0.21 0.0 0.5 1.0 1.0 0.8 0.8 0.48 0.67 0.375 0.415 0.775 0.75 0.0 0.33 0.22 0.0 0.0 0.25 0.79 0.0 0.5349999999999999 0.0 0.375 0.6 0.365 0.0 0.415 0.13 0.0 0.27 0.0 0.71 0.655 1.0 0.645 0.0 0.415 0.4 0.0 0.435 0.5 0.415 0.25 0.25 0.69 0.1 1.0 0.25 1.0 0.0 0.17 0.13 1.0 0.33 0.5 0.55 0.11 0.375 0.585 

BUBBLE_level0 
0.0 0.085 0.5 0.71 0.5 0.47 0.195 0.0 0.485 0.33 0.635 0.815 0.205 0.775 0.0 0.0 0.85 0.25 0.5 1.0 0.71 0.75 0.16 0.5 0.0 0.645 0.04 0.0 0.15500000000000005 0.635 0.5 0.355 1.0 0.585 0.75 0.5 0.25 0.0 0.18 0.635 0.6 0.0 1.0 0.71 0.0 0.71 0.5 0.33 0.67 0.75 0.79 0.245 0.0 0.45 0.0 0.5 0.5 0.055 0.055 0.625 0.5 0.67 0.0 0.0 0.67 0.75 0.5 0.06 0.365 1.0 0.775 0.2 0.34 0.825 0.395 0.33 0.25 0.67 1.0 0.6799999999999999 1.0 0.815 0.29 0.0 0.33 0.0 1.0 0.64 0.25 0.105 0.815 0.5 0.29000000000000004 0.45 0.315 1.0 0.11 0.5 0.4 0.245 0.5 0.38 0.875 1.0 0.105 1.0 0.4 0.86 0.445 0.165 0.2 0.0 0.875 0.085 0.775 1.0 0.38 0.33 0.0 0.33 0.225 1.0 0.585 0.8 0.225 0.415 0.365 0.225 0.645 0.655 0.5 0.29 0.71 0.64 0.71 0.5 0.25 0.67 0.37 0.25 0.71 0.5 0.15500000000000005 0.355 0.25 0.33 0.79 0.775 0.5 0.55 0.4 0.31 0.18 0.225 0.52 0.71 0.27 0.235 0.57 0.415 0.17 0.0 0.17 0.415 0.305 0.93 0.5800000000000001 0.125 1.0 0.67 0.55 1.0 1.0 0.295 0.67 0.25 0.45 0.6 0.0 0.15500000000000005 0.31 1.0 0.4 0.09 1.0 0.0 0.36 1.0 0.205 0.71 0.5349999999999999 0.67 0.78 0.55 0.05 0.21 0.45 0.5 0.5 0.8 0.67 0.0 0.75 0.0 0.585 0.625 0.31 0.07 0.21 0.8400000000000001 0.55 0.535 0.21 0.0 0.5 0.62 0.895 0.73 0.75 0.48 0.62 0.415 0.5 1.0 0.12 0.0 0.0 0.22 0.315 0.835 0.71 0.79 0.195 0.5349999999999999 0.33 0.405 0.635 0.5 0.71 0.2 0.1 0.5 0.16 0.25 0.5 0.72 0.775 0.63 0.875 0.45 0.365 0.0 0.435 0.5 0.5 0.67 1.0 0.775 0.2 1.0 0.225 0.89 0.365 0.13 0.0 1.0 0.335 0.5 0.71 0.11 0.33 0.55 

bellwether0 
0.33 0.0 0.495 0.5 0.6 0.4 0.165 0.33 0.4 0.25 0.75 0.45 0.265 0.9 0.0 0.75 0.81 0.29000000000000004 0.5 1.0 0.3 0.4 0.12 0.55 0.67 0.6 0.08 0.0 0.12 0.585 0.36 0.225 1.0 0.395 0.25 0.48 0.14 0.0 0.11 0.5 0.5 0.185 0.855 0.585 0.25 0.67 0.325 0.31 1.0 0.6 0.75 0.33 0.0 0.365 0.0 0.5 0.5 0.09 0.095 0.6 0.38 0.45 0.165 0.0 0.73 0.67 0.345 0.0 0.33 1.0 0.645 0.205 0.3 0.8 0.34 0.31 0.235 0.75 1.0 0.64 0.815 0.8200000000000001 0.25 0.0 0.085 0.0 1.0 0.765 0.225 0.09 0.83 0.45 0.225 0.29000000000000004 0.27 1.0 0.1 0.56 0.33 0.33 0.565 0.33 0.9 1.0 0.08499999999999999 1.0 0.365 0.77 0.34 0.5 0.17 0.0 0.67 0.08 0.775 1.0 0.4 0.5 0.0 0.25 0.2 0.765 0.55 0.765 0.29000000000000004 0.5 0.4 0.185 0.41 0.645 0.55 0.27 0.67 0.565 0.55 0.415 0.5 0.75 0.21 0.0 0.705 0.0 0.125 0.125 0.33 0.0 0.725 0.75 0.875 0.25 0.585 0.0 0.28 0.5 0.55 1.0 0.43 0.6950000000000001 0.65 0.405 0.33 0.0 0.125 0.0 0.33 0.825 0.585 0.0 0.0 0.0 0.75 1.0 1.0 0.45 0.0 0.265 0.5 0.0 0.12 0.835 0.0 1.0 0.45 0.175 1.0 1.0 0.5 1.0 0.28 0.67 0.5 0.5 0.6799999999999999 0.585 0.05 0.0 0.585 0.33 0.5349999999999999 1.0 0.79 0.0 1.0 0.0 0.875 0.415 0.0 0.0 0.0 0.67 0.5 0.0 0.0 0.0 0.0 0.25 1.0 0.0 0.585 0.335 1.0 0.295 0.0 0.33 0.0 0.0 0.0 0.095 0.11 1.0 0.75 0.5 0.0 1.0 0.0 0.17 0.0 0.0 0.0 0.0 0.16 0.32 0.0 0.0 0.5 0.94 0.25 0.245 0.0 0.5 0.0 0.0 0.5 0.165 0.0 0.375 0.33 0.0 0.0 0.0 0.0 0.0 0.71 0.0 0.0 1.0 0.5 0.28 0.0 0.33 0.165 0.585 

