self_0 
0.33 0.0 0.67 0.745 0.75 0.75 0.25 1.0 0.715 0.0 0.585 0.71 0.365 1.0 0.0 0.5 0.84 0.67 0.8 0.885 0.71 0.5700000000000001 0.415 0.375 0.75 0.565 0.5 0.0 0.0 1.0 0.29000000000000004 0.5 1.0 0.56 0.67 0.53 0.33 0.0 0.415 0.71 0.33 0.0 0.915 0.625 0.0 0.75 0.585 0.33 0.8 0.71 0.73 0.5 0.0 0.415 0.5 0.67 0.5 0.18 0.5 0.5 0.55 0.5 0.67 0.0 0.5 0.7350000000000001 0.6 0.5 0.325 0.95 0.67 0.25 0.33 0.7749999999999999 0.6399999999999999 0.5 0.415 0.5 0.77 0.62 0.75 0.62 0.5 1.0 0.0 0.875 1.0 0.64 0.25 0.5 0.71 0.67 0.0 0.67 0.34 0.885 0.585 0.585 0.5 0.67 0.52 0.67 0.79 0.9 0.5 0.9 0.5 0.69 0.605 0.5 0.0 0.0 0.6 0.0 0.83 0.8 0.25 0.5 0.0 0.0 0.5 0.75 0.5 0.7 0.75 0.5 0.0 0.0 0.4 0.835 0.6 0.415 0.835 0.62 0.8 0.33 0.8 0.6 0.4 0.675 0.665 0.5 0.0 0.67 0.5 0.5 0.69 0.74 0.67 1.0 0.0 0.5 0.43 0.75 0.575 0.8 0.355 0.56 0.75 0.6 0.5 0.0 0.0 0.415 0.30000000000000004 0.8500000000000001 0.67 0.585 1.0 0.67 0.33 1.0 1.0 0.33 0.775 0.75 0.33 0.67 0.5 0.585 1.0 0.75 0.43 0.675 0.915 0.75 0.4 0.915 0.55 0.7 0.8 0.75 0.62 0.7 0.67 0.5 0.67 0.75 0.55 0.86 0.655 1.0 0.5 0.875 0.655 0.33 0.415 0.0 0.33 0.67 0.605 0.5 0.75 1.0 0.585 0.62 0.86 0.8 0.67 0.445 0.71 0.7649999999999999 0.5 0.5 0.5 0.67 0.25 0.255 0.33 0.69 0.675 0.73 0.0 0.5 0.5 0.53 0.5549999999999999 0.5 0.67 0.8 0.71 0.5 0.5 0.0 0.67 0.74 0.69 0.52 0.67 0.55 0.415 0.0 0.6 0.5 0.415 0.75 0.75 0.7350000000000001 0.0 0.6 0.415 0.655 0.625 0.0 1.0 0.84 0.56 0.43 0.5 0.75 0.5 0.55 

BUBBLE_level2 
0.5 0.0 0.255 0.7 0.17 0.0 0.575 0.0 0.9 0.0 0.33 0.38 1.0 0.75 0.0 0.5 0.02 0.415 1.0 0.835 0.0 0.46 0.75 0.25 0.125 0.74 0.0 0.0 0.5 0.29000000000000004 0.5 0.415 0.15000000000000002 0.475 0.33 0.42 0.67 0.0 0.25 1.0 0.415 0.0 0.67 0.5 0.0 0.75 0.5 0.165 0.30000000000000004 0.14 0.685 0.585 0.0 0.67 0.0 0.585 0.875 0.27 0.5 0.5 0.45 1.0 0.0 0.0 0.7350000000000001 0.915 0.55 0.0 0.675 0.5 0.7350000000000001 0.205 0.29000000000000004 0.0 0.5 0.585 0.0 0.0 0.15500000000000005 0.6 0.45 0.14 0.0 0.0 1.0 0.0 0.6000000000000001 0.0 1.0 1.0 0.43 0.33 0.0 0.835 0.345 0.5 0.5 0.25 0.33 0.0 0.325 0.29000000000000004 0.55 0.1 1.0 0.0 1.0 0.22 0.585 0.165 0.5 0.0 0.55 0.0 0.465 0.2 0.325 0.75 0.5 0.25 0.0 0.12 0.0 0.235 0.0 0.29000000000000004 0.5 0.5 0.2 0.0 0.6 0.5 0.0 0.455 0.45 0.33 0.0 0.25 0.0 0.0 1.0 0.0 1.0 0.415 0.0 0.0 0.62 0.08499999999999999 0.33 0.0 0.5 0.5 0.43 0.0 0.38 0.0 0.5 0.42 0.625 0.525 0.5 0.0 1.0 1.0 0.45 0.25 0.83 0.67 1.0 0.25 1.0 0.88 0.415 1.0 0.0 1.0 0.0 0.0 1.0 1.0 0.0 0.45 0.86 0.6 0.38 0.54 0.8 0.55 0.325 0.75 0.2 0.5 0.16999999999999998 0.6 0.0 0.0 0.585 0.0 0.915 0.86 0.345 0.0 0.25 0.0 0.29000000000000004 0.67 0.25 1.0 0.085 0.17 0.105 0.0 0.0 0.0 0.67 0.25 0.315 0.6 0.0 0.675 0.83 0.15 0.5 0.675 0.835 0.165 0.5 0.08499999999999999 0.67 0.23 0.25 0.5349999999999999 1.0 0.56 0.0 0.0 0.0 0.415 0.0 0.2 0.75 0.2 0.5 0.0 0.75 0.78 0.15500000000000005 0.15 0.67 0.0 0.0 0.0 0.45 0.5 0.0 0.125 0.0 0.0 0.0 0.30000000000000004 1.0 0.7 0.0 0.5 0.0 0.25 0.65 0.67 0.225 0.25 0.0 0.2 

BUBBLE_level1 
0.5 0.0 0.435 0.655 0.5 0.75 0.775 1.0 0.82 1.0 0.915 0.38 1.0 0.5 0.0 0.5 0.83 0.415 0.1 0.835 0.29000000000000004 0.03 0.75 0.675 0.0 0.74 0.75 0.0 1.0 0.33 0.25 0.415 0.675 0.465 0.835 0.7 0.165 0.0 0.67 0.67 1.0 0.0 0.83 0.5 0.0 1.0 0.5 0.33 0.8 0.7849999999999999 0.5349999999999999 0.5 0.0 0.585 0.0 0.585 0.375 0.045 1.0 0.585 0.6 0.415 0.0 0.0 0.7350000000000001 0.6 0.55 0.5 0.5 0.5 0.83 0.835 1.0 0.25 0.5 0.0 1.0 0.0 0.57 0.96 0.55 0.38 0.0 0.0 1.0 0.0 0.4 0.29500000000000004 0.25 1.0 0.5349999999999999 0.33 1.0 0.585 0.345 0.355 0.835 0.0 0.585 1.0 0.5549999999999999 0.33 0.485 0.2 1.0 0.4 0.25 0.22 0.43 1.0 0.0 0.0 0.9 0.0 0.17 0.4 0.325 0.75 0.5 1.0 0.5 0.12 0.5 0.435 0.5 0.585 0.0 0.25 0.30000000000000004 0.925 0.45 1.0 0.165 0.575 0.2 0.33 0.8 0.9 0.0 0.0 0.5349999999999999 0.835 0.75 0.0 0.0 0.75 0.41 0.30000000000000004 0.29000000000000004 0.33 1.0 0.415 0.29 0.25 0.38 0.30000000000000004 0.945 0.655 0.75 0.525 0.5 0.0 1.0 0.0 0.55 0.845 0.67 0.33 1.0 0.415 0.585 0.235 0.75 0.125 0.0 1.0 1.0 0.415 0.0 0.835 0.0 0.33 0.36 0.775 0.37 0.54 0.675 0.635 0.55 0.5 0.2 0.0 0.45 0.7 1.0 0.25 0.835 0.0 0.55 0.595 0.605 0.0 0.33 0.165 0.355 0.33 0.0 0.75 0.17 0.29 0.71 0.5 0.4 0.0 0.835 0.12 0.45 0.30000000000000004 0.33 0.49 0.29 0.5 0.225 0.4 0.415 0.0 0.5 0.7749999999999999 0.0 0.0 0.1 0.5 0.0 0.885 0.0 0.885 0.335 0.33 0.0 0.4 0.585 0.0 0.5 0.0 0.33 0.155 0.14 0.54 0.0 0.25 0.835 0.0 0.7 0.5 0.5 0.125 0.25 0.83 0.5 0.4 0.125 0.06 0.0 0.5 1.0 0.08 0.21 0.29 0.55 0.5 0.5 0.6 

BUBBLE_level0 
0.0 0.25 0.305 0.565 0.38 0.75 0.675 0.0 0.7 1.0 0.915 0.33 0.6 0.5 0.0 0.0 0.64 0.415 0.33 0.78 0.5 0.03 0.75 0.675 0.0 0.64 1.0 0.0 0.5 0.67 0.375 0.415 0.35 0.19 0.835 0.7 0.67 0.0 0.67 0.67 1.0 0.0 0.67 0.75 0.0 1.0 0.835 0.585 0.8 0.43 0.62 0.5 0.0 0.415 0.0 0.835 0.25 0.045 0.25 0.585 0.6 0.5 0.0 0.0 0.7350000000000001 0.6 0.55 0.25 0.675 0.895 0.5 0.835 1.0 0.86 0.7849999999999999 0.5 0.33 0.33 0.57 0.73 0.45 0.685 0.835 0.0 1.0 0.0 0.4 0.06 0.75 1.0 0.71 0.585 1.0 0.585 0.535 0.355 0.875 0.83 0.585 1.0 0.5549999999999999 0.875 0.485 0.4 1.0 0.6 0.5 0.415 0.71 0.165 0.5 0.0 0.35 0.5 0.5 0.4 0.75 1.0 0.0 1.0 1.0 0.5 0.67 0.435 0.5 0.29000000000000004 1.0 0.5 0.8 0.34 0.5 1.0 0.67 0.575 0.5 0.33 0.085 1.0 0.6 1.0 0.465 1.0 1.0 1.0 1.0 0.75 0.5549999999999999 0.6100000000000001 0.25 0.5 1.0 0.5 0.71 1.0 0.5 0.7 0.5900000000000001 0.7849999999999999 1.0 0.6499999999999999 1.0 0.0 1.0 1.0 0.6 0.1 0.5 0.165 1.0 0.5 0.67 0.355 0.585 0.585 1.0 1.0 1.0 0.75 0.0 1.0 1.0 0.75 0.93 0.2 0.405 0.0 1.0 0.83 0.9 0.5 0.45 0.67 0.36 1.0 1.0 1.0 0.67 0.5 1.0 1.0 0.81 0.0 0.5 0.0 0.62 0.67 0.75 0.75 0.845 0.43 0.71 1.0 0.4 0.0 0.67 0.5 0.7 1.0 0.375 0.6000000000000001 0.17 0.44 0.675 0.55 0.835 0.0 0.0 0.7749999999999999 1.0 0.23 0.25 0.5 1.0 0.885 0.33 0.765 0.515 0.585 0.71 0.5 0.75 0.30000000000000004 0.33 1.0 0.5 0.445 0.43 0.56 0.67 0.5 0.585 0.0 0.7 0.5 0.5 0.5 0.5 0.8 1.0 0.325 0.33 0.515 0.25 1.0 0.0 0.125 0.735 0.5 0.55 0.5 0.5 0.7 

bellwether0 
0.5 0.0 0.565 0.54 0.5 0.5 0.775 1.0 0.5 1.0 0.5 0.17 0.8 0.5 0.0 0.5 0.83 0.415 0.9 0.355 0.75 0.83 0.75 0.5 0.55 0.315 0.75 0.0 1.0 0.33 1.0 0.17 0.675 0.535 0.165 0.635 0.585 0.0 0.415 0.33 0.585 1.0 0.415 0.5 1.0 0.75 0.5 0.33 0.4 0.62 0.5349999999999999 0.5 0.0 0.585 0.0 0.585 0.375 1.0 1.0 1.0 0.675 0.415 0.125 0.0 0.365 0.915 0.8 0.0 0.6 0.78 0.635 0.82 1.0 0.765 0.86 0.585 0.5 0.71 0.77 0.8 0.75 0.75 0.585 0.0 0.5 0.0 0.5 0.16 1.0 1.0 0.71 0.415 1.0 0.5 0.69 0.5900000000000001 0.875 0.915 0.67 0.585 0.605 0.67 0.495 0.55 1.0 0.4 0.5 0.56 0.86 1.0 0.5 0.0 0.55 1.0 0.67 0.6 0.675 1.0 0.0 1.0 0.5 0.75 0.5 0.4 0.5 0.415 1.0 0.5 0.9 0.575 0.6 0.67 0.5 0.76 0.45 0.5 0.1 0.55 0.2 0.0 0.73 0.0 0.5 0.125 1.0 0.0 0.41 0.45 0.29000000000000004 0.165 0.5 0.0 0.14 0.5 0.14 0.2 0.38 0.485 0.5 0.55 1.0 0.0 0.5 0.0 0.35 0.7 0.67 0.0 0.0 0.0 0.33 0.235 0.83 0.67 0.0 1.0 0.5 0.0 1.0 0.5 0.0 0.25 0.15500000000000005 0.675 0.405 0.625 0.5 0.5 0.625 1.0 0.8 0.5 0.62 0.8 1.0 0.0 0.67 0.5 0.33 0.27 0.37 0.0 0.25 0.0 0.29000000000000004 0.25 0.0 0.0 0.0 0.29 0.21 0.0 0.0 0.0 0.0 0.06 0.1 0.0 0.08 0.31 0.25 0.235 0.0 0.2 0.0 0.0 0.0 0.26 0.165 0.23 0.75 0.12 0.0 0.11 0.0 0.11 0.0 0.0 0.0 0.0 0.415 0.8 0.0 0.0 0.25 0.38 0.07 0.08 0.0 0.325 0.0 0.0 0.45 0.25 0.0 0.125 1.0 0.0 0.0 0.0 0.0 0.0 0.5 0.0 0.0 0.2 0.5 0.38 0.0 0.5 0.25 0.2 

