self_0 
0.0 0.0 0.45 0.44 0.415 0.365 0.0 0.0 0.41 0.0 0.33 0.345 0.25 0.25 0.0 0.0 0.4 0.5 0.38 0.26 0.5 0.7 0.0 0.33 0.25 0.5 0.0 0.0 0.0 0.0 0.5 0.5 0.32 0.695 0.0 0.42 0.165 0.0 0.25 0.25 0.265 0.0 0.465 0.365 0.0 0.25 0.1 0.0 0.25 0.38 0.33 0.415 0.0 0.225 0.365 0.0 0.45 0.89 0.0 0.33 0.55 0.29000000000000004 0.225 0.0 0.33 0.31 0.53 0.0 0.47 0.295 0.33 0.75 0.1 0.27 0.67 0.0 0.0 0.29000000000000004 0.29 0.475 0.25 0.29000000000000004 0.0 0.0 0.0 0.585 0.33 0.515 0.0 0.0 0.34 0.265 0.0 0.33 0.835 0.33 0.0 0.365 0.415 0.25 0.6699999999999999 0.33 0.425 0.25 0.0 0.33 0.0 0.435 0.45 0.0 0.0 0.0 0.33 0.0 0.29 0.33 0.5 0.0 0.0 0.0 0.0 0.315 0.25 0.45 0.0 0.33 0.0 0.0 0.33 0.385 0.5 0.165 0.33 0.485 0.31 0.33 0.29000000000000004 0.315 0.585 0.25 0.5 0.0 0.0 0.0 0.0 0.0 0.41 0.41 0.225 0.5 0.0 0.0 0.585 0.0 0.48 0.31 0.67 0.5449999999999999 0.33 0.57 0.0 0.0 0.0 0.29000000000000004 0.5 0.355 0.45 0.25 0.0 0.45 0.225 0.4 0.27 0.0 0.29000000000000004 0.0 0.25 0.33 0.0 0.0 0.0 0.33 0.465 0.67 0.41 0.25 0.5 0.2 0.585 0.25 0.4 0.0 0.43 0.245 0.0 0.415 0.31 0.0 0.4 0.25 0.4 0.43 0.5 0.29000000000000004 0.43 0.085 0.5 0.0 0.67 0.33 0.61 0.21 0.57 0.0 0.165 0.43 0.3 0.27 0.36 0.665 0.365 0.585 0.33 0.33 0.5 0.25 0.0 0.83 0.0 0.45 0.4 0.315 0.0 0.5900000000000001 0.365 0.5 0.585 0.25 0.315 0.69 0.25 0.33 0.25 0.0 0.5 0.52 0.27 0.5 0.265 0.4 0.0 0.0 0.33 0.33 0.0 0.25 0.0 0.27 0.0 0.29 0.2 0.335 0.5 0.0 0.0 0.4 0.655 0.61 0.33 0.0 0.0 0.33 

BUBBLE_level2 
0.5 0.0 0.64 0.375 0.0 0.2 0.725 0.0 0.34 0.0 0.165 0.33 0.515 0.0 0.0 0.0 0.0 0.5 0.0 0.29000000000000004 0.43 0.74 0.0 0.125 0.0 0.525 0.43 0.415 0.0 0.415 0.29 0.25 0.25 0.75 0.33 0.0 0.39 0.25 0.355 0.225 0.5 0.29000000000000004 0.67 0.0 0.0 0.0 0.325 0.225 0.27 0.0 0.25 0.0 0.1 0.0 0.5 0.1 0.0 0.87 0.325 0.265 0.0 0.5 0.25 0.455 0.29000000000000004 0.2 0.415 0.33 0.0 0.29000000000000004 0.45 0.6950000000000001 0.29000000000000004 0.315 0.615 0.165 0.0 0.0 0.415 0.25 0.0 0.39 0.29000000000000004 0.0 0.0 0.25 0.0 0.5 0.5 0.43 0.57 0.165 0.165 0.0 0.815 0.39 0.75 0.5 0.33 0.5 0.825 0.5 0.665 0.5 0.485 0.0 0.415 0.75 0.635 0.0 0.0 0.0 0.5 0.0 0.0 0.0 0.0 0.0 0.0 0.0 0.0 0.5 0.5 0.5349999999999999 0.125 0.165 0.225 0.0 0.5 0.8049999999999999 0.0 0.415 0.0 0.83 0.0 0.45 0.0 0.0 0.2 0.0 0.5 0.45 0.415 0.315 0.0 0.0 0.47 0.165 0.0 0.0 0.0 0.0 0.67 0.585 0.465 0.0 0.73 0.71 0.2 0.48 0.0 0.0 0.0 0.27 0.625 0.29000000000000004 0.42 0.0 0.125 0.0 0.0 0.0 0.29000000000000004 0.5 0.0 0.405 0.265 0.27 0.5 0.5 0.0 0.5 0.5 0.47 0.465 0.0 0.0 0.33 0.745 0.33 0.5 0.0 0.55 0.225 0.895 0.435 0.125 0.0 0.0 0.27 0.69 0.0 0.0 0.29000000000000004 0.5 0.415 0.67 0.5 0.635 0.0 0.53 0.0 0.5 0.0 0.0 0.0 0.0 0.0 0.43 0.825 0.33 0.79 0.0 0.5 0.205 0.5 0.0 0.74 0.5 0.0 0.0 0.67 0.415 0.25 0.0 0.5 0.655 0.225 0.5 0.55 0.7250000000000001 0.0 0.25 0.25 0.6 0.42 0.365 0.86 0.0 0.0 0.25 0.5 0.4 0.365 0.33 0.0 0.0 0.45 0.0 0.0 0.415 0.55 0.365 0.33 0.415 0.27 0.475 0.67 0.0 0.365 0.5 0.29 

BUBBLE_level1 
0.4 0.125 0.5800000000000001 0.5 0.5 0.365 0.6 0.33 0.415 0.125 0.4 0.33 0.75 0.085 0.29000000000000004 0.0 0.415 0.5 0.0 0.29000000000000004 0.415 0.695 0.8 0.33 0.0 0.56 0.55 0.415 0.34 0.125 0.5 0.565 0.25 0.5549999999999999 0.1 0.475 0.365 0.0 0.5349999999999999 0.0 0.29000000000000004 0.25 0.0 0.0 0.0 0.2 0.0 0.0 0.415 0.0 0.415 0.45 0.0 0.25 0.5 0.29000000000000004 0.27 0.645 0.415 0.0 0.5 0.225 0.0 0.35 0.29000000000000004 0.33 0.415 0.0 0.385 0.25 0.635 0.44 0.365 0.25 0.665 0.25 0.0 0.29000000000000004 0.33 0.71 0.0 0.645 0.5 0.415 0.0 0.0 0.0 0.645 0.31 0.33 0.39 0.29000000000000004 0.5 0.33 0.765 0.5 0.535 0.33 0.33 0.455 0.7 0.125 0.685 0.125 0.525 0.5 0.5 0.5 0.75 0.125 0.685 0.0 0.33 0.67 0.25 0.0 0.5 0.33 0.0 0.0 0.225 0.45 0.0 0.5 0.0 0.0 0.225 0.0 0.44 0.625 0.27 0.415 0.25 0.44 0.33 0.45 0.415 0.415 0.0 0.0 0.33 0.45 0.365 0.365 0.225 0.125 0.435 0.43 0.0 0.5 0.33 0.0 0.61 0.0 0.465 0.0 0.48 0.56 0.33 0.48 0.085 0.25 0.225 0.25 0.775 0.71 0.4 0.0 0.33 0.5 0.25 0.165 0.185 0.75 0.0 0.33 0.0 0.0 0.5 0.5 0.0 0.33 0.5 0.64 0.425 0.29000000000000004 0.5 0.33 0.525 0.29000000000000004 0.33 0.225 0.635 0.33 0.39 0.4 0.225 0.0 0.38 0.27 0.39 0.0 0.69 0.34 0.41 0.31 0.5 0.49 0.505 0.0 0.75 0.29000000000000004 0.445 0.325 0.165 0.405 0.125 0.33 0.5 0.54 0.2 0.55 0.39 0.5 0.24 0.38 0.0 0.6 0.33 0.435 0.365 0.435 0.29000000000000004 0.56 0.0 0.47 0.775 0.225 0.5 0.75 0.86 0.0 0.25 0.33 0.37 0.41 0.365 0.54 0.5 0.0 0.5 0.0 0.5 0.365 0.0 0.0 0.0 0.33 0.225 0.5 0.165 0.425 0.165 0.0 0.0 0.415 0.6000000000000001 0.67 0.29000000000000004 0.4 0.38 0.31 

BUBBLE_level0 
0.165 0.0 0.53 0.565 0.45 0.365 0.6799999999999999 0.29 0.535 0.25 0.4 0.44 0.47 0.225 0.29000000000000004 0.0 0.655 0.5 0.6 0.245 0.5 0.695 0.625 0.33 0.0 0.75 0.77 0.25 0.55 0.165 0.365 0.565 0.5 0.52 0.0 0.475 0.37 0.0 0.5349999999999999 0.0 0.29000000000000004 0.25 0.45 0.25 0.0 0.2 0.33 0.29000000000000004 0.415 0.5 0.315 0.45 0.0 0.0 0.0 0.225 0.25 0.645 0.405 0.0 0.5 0.25 0.0 0.35 0.45 0.2 0.415 0.315 0.5 0.365 0.365 0.44 0.365 0.315 0.67 0.31 0.4 0.29000000000000004 0.33 0.515 0.21 0.5 0.35 0.28500000000000003 0.0 0.0 0.0 0.635 0.33 0.33 0.33 0.33 0.5 0.33 0.51 0.29000000000000004 0.525 0.45 0.33 0.455 0.7 0.33 0.685 0.0 0.67 0.125 0.0 0.53 0.525 0.125 0.585 0.085 0.5 0.125 0.33 0.0 0.31 0.29000000000000004 0.225 0.0 0.125 0.365 0.29000000000000004 0.5 0.0 0.0 0.0 0.0 0.34 0.395 0.33 0.415 0.0 0.44 0.29000000000000004 0.5 0.0 0.44 0.445 0.0 0.33 0.45 0.33 0.34 0.25 0.0 0.43 0.5 0.33 0.125 0.2 0.29000000000000004 0.445 0.5 0.355 0.29000000000000004 0.39 0.52 0.33 0.67 0.25 0.29000000000000004 0.29 0.45 0.525 0.445 0.41 0.365 0.33 0.0 0.33 0.165 0.33 0.465 0.33 0.5 0.265 0.29000000000000004 0.33 0.33 0.1 0.33 0.38 0.47 0.5 0.29000000000000004 0.305 0.4 0.515 0.365 0.33 0.33 0.375 0.33 0.465 0.39 0.27 0.33 0.42 0.27 0.435 0.345 0.39 0.1 0.0 0.0 0.0 0.775 0.0 0.0 0.0 0.0 0.0 0.0 0.0 0.0 0.0 0.0 0.0 0.73 0.0 0.0 0.0 0.0 0.0 0.0 0.0 0.95 0.0 0.0 0.0 0.55 0.0 0.0 0.0 0.25 0.0 0.0 0.0 0.75 0.0 0.5 0.0 0.0 0.0 0.0 0.0 0.67 0.0 0.0 0.0 0.0 0.0 0.0 0.0 0.0 0.0 0.0 0.0 0.0 0.5 0.0 0.0 0.0 0.0 0.5 0.78 0.0 0.0 0.0 0.0 0.0 

bellwether0 
0.0 0.0 0.71 0.67 0.5 0.35 0.8 0.165 0.67 0.0 0.0 0.585 0.815 0.0 0.0 0.0 0.875 0.0 0.67 0.25 0.5 0.62 0.815 0.0 0.0 0.75 0.885 0.0 0.5 0.0 0.29000000000000004 0.585 0.645 0.78 0.0 0.67 0.5 0.0 0.5 0.0 0.0 0.0 0.5 0.45 0.0 0.0 0.0 0.165 0.165 0.25 0.5 0.0 0.0 0.0 0.0 0.0 0.375 0.33 0.5 0.0 0.0 0.0 0.0 0.67 0.165 0.30000000000000004 0.415 0.25 0.425 0.235 0.25 0.475 0.25 0.365 0.38 0.5 0.45 0.0 0.2 0.435 0.2 0.5 0.5 0.0 0.0 0.0 0.0 0.5 0.31 0.33 0.33 0.0 0.0 0.165 0.665 0.0 0.595 0.5 0.0 0.25 0.545 0.365 0.695 0.0 0.585 0.0 0.0 0.6 0.67 0.0 0.5349999999999999 0.355 0.33 0.635 0.0 0.0 0.31 0.165 0.415 0.0 0.33 0.5 0.125 0.5 0.0 0.165 0.0 0.0 0.5 0.32 0.5 0.25 0.0 0.0 0.0 0.0 0.0 0.4 0.5349999999999999 0.0 0.33 0.415 0.0 0.0 0.33 0.0 0.45 0.4 0.0 0.0 0.0 0.0 0.445 0.0 0.0 0.0 0.79 0.66 0.0 0.645 0.0 0.0 0.0 0.0 0.365 0.595 0.5 0.5 0.0 0.0 0.0 0.0 0.0 0.45 0.0 0.0 0.365 0.0 0.45 0.0 0.0 0.0 0.645 0.25 0.5 0.0 0.5 0.5 0.5 0.0 0.5 0.0 0.75 0.0 0.78 0.5 0.0 0.0 0.5 0.0 0.69 0.0 0.0 0.0 0.5 0.0 0.5349999999999999 0.67 0.71 0.0 0.685 0.0 0.0 0.0 0.0 0.165 0.0 0.365 0.0 0.75 0.0 0.655 0.365 0.125 0.5 0.5 0.0 0.895 0.0 0.1 0.0 0.0 0.1 0.635 0.0 0.67 0.69 0.0 0.0 0.705 0.765 0.165 0.0 0.0 0.165 0.5 0.0 0.725 0.0 0.0 0.0 0.0 0.415 0.125 0.0 0.0 0.0 0.0 0.0 0.29000000000000004 0.5 0.585 0.0 0.125 0.33 0.5 0.845 0.5 0.0 0.0 0.415 0.29000000000000004 

