self_0 
0.17 0.0 0.21 0.15 0.29 0.2 0.015 0.0 0.12 0.0 0.185 0.26 0.03 0.0 0.0 0.0 0.33 0.365 0.2 0.5 0.15000000000000002 0.255 0.01 0.25 0.5 0.21 0.0 0.0 0.04 0.0 0.14 0.105 0.195 0.0 0.28 0.04 0.0 0.02 0.5 0.25 0.0 0.33 0.33 0.0 0.5 0.25 0.0 0.25 0.5 0.67 0.1 0.0 0.2 0.095 0.0 0.25 0.02 0.0 0.415 0.27 0.25 0.25 0.0 0.25 0.33 0.11 0.0 0.105 0.265 0.035 0.06 0.5 0.125 0.12 0.08499999999999999 0.33 0.5 0.21 0.5 0.4 0.035 0.0 0.0 0.125 0.875 0.0 0.0 0.375 0.29000000000000004 0.0 0.225 0.135 1.0 0.0 0.14 0.27 0.0 0.23 0.27 0.9 0.0 0.04 0.0 0.0 0.47 0.06 0.0 0.07 0.0 0.33 0.0 1.0 1.0 0.1 0.2 0.0 0.0 0.17 0.2 0.07 0.56 0.0 0.25 0.33 0.085 0.155 0.45 0.1 0.14 0.33 0.42 0.33 0.195 0.5 0.6 0.185 0.0 0.25 0.415 0.0 0.0 0.0 0.25 0.36 1.0 0.0 0.25 0.29000000000000004 0.0 0.03 0.0 0.4 1.0 0.08 0.06000000000000001 0.415 0.08 0.0 0.0 0.0 0.1 0.12 0.325 0.16999999999999998 0.185 0.0 0.67 0.29000000000000004 0.0 0.75 0.0 0.33 0.33 0.0 0.0 0.0 0.5 0.45 0.03 0.0 0.16999999999999998 0.0 0.055 0.415 0.25 0.0 0.5 0.30000000000000004 0.01 0.06 0.17 0.25 0.25 0.75 0.5 0.0 0.4 0.0 0.235 0.25 0.12 0.0 0.04 0.5 0.095 0.2 0.04 0.0 0.33 0.25 1.0 0.0 0.75 0.165 0.5 0.03 0.11 0.4 0.0 0.0 0.0 0.04 0.13 0.17 0.585 0.67 0.0 0.17 0.14 0.135 0.175 0.415 0.325 0.03 0.02 0.155 0.06 0.06 0.315 0.375 0.5 0.34 0.1 0.45 0.0 0.0 0.105 0.17 0.25 1.0 0.0 0.33 0.2 0.585 0.14 0.5349999999999999 0.085 0.07 0.0 0.03 0.21 0.33 0.0 0.0 0.4 

BUBBLE_level2 
0.265 0.0 0.18 0.295 0.0 0.185 0.15 0.0 0.24 0.0 0.0 0.0 0.37 0.0 0.17 0.0 0.0 0.4 0.0 0.0 0.4 0.25 0.02 0.125 0.0 0.27 0.86 0.29 0.0 0.5 0.6399999999999999 0.0 0.05 0.25 0.035 0.365 0.2 0.75 0.75 0.4 0.45 0.0 0.0 0.1 0.0 0.4 0.17 0.5 0.0 0.0 0.0 0.30000000000000004 0.0 0.35 0.165 0.0 0.085 0.215 0.33 0.0 0.375 0.5 0.97 0.085 0.165 0.33 0.55 0.035 0.2 0.125 0.14 0.5 0.2 0.12 0.08 0.0 0.0 0.0 0.0 0.675 0.14 0.0 0.2 0.125 1.0 0.195 0.45 0.75 0.125 0.25 0.0 0.04 1.0 0.08 0.145 0.335 0.24 0.185 0.29 0.4 1.0 0.51 0.0 0.215 0.615 0.17 0.0 0.07 0.0 0.0 0.0 0.0 0.0 0.1 0.0 0.0 0.0 0.0 0.45 0.31 0.27 0.125 0.0 0.5 0.0 0.22 0.17 0.1 0.14 0.0 0.22 0.125 0.465 0.0 0.0 0.07 0.0 0.25 0.415 0.29 1.0 0.0 0.125 0.25 0.0 0.0 0.5 0.125 0.0 0.09 1.0 0.25 0.0 0.22 0.05 0.0 0.19 0.0 0.2 0.0 0.45 0.44 0.0 0.5900000000000001 0.0 0.415 0.0 0.0 0.155 0.0 0.7250000000000001 1.0 0.67 0.38 0.14 0.0 0.5 0.105 0.36 0.0 0.11 1.0 0.43 0.25 0.25 0.0 0.105 0.225 0.15000000000000002 0.71 0.0 0.0 0.0 0.75 0.1 0.0 0.0 0.415 0.11 0.25 0.18 0.52 0.18 0.0 0.205 0.17 0.46 0.0 0.165 0.0 0.0 0.0 0.265 0.055 0.675 0.015 0.105 0.225 0.87 0.22 0.07 0.175 0.335 0.0 0.5 0.165 0.185 0.0 0.0 0.025 0.1 0.29000000000000004 0.225 0.29 0.18 0.1 0.06 0.43 0.4 0.6 0.0 0.16 0.0 0.0 0.4 0.27 0.4 0.31 0.5 0.0 0.0 0.71 0.0 0.0 0.215 0.29 0.75 0.31 0.415 0.265 0.39 0.33 0.315 0.5 0.6000000000000001 

BUBBLE_level1 
0.25 0.12 0.16999999999999998 0.15 0.195 0.4 0.375 0.6 0.11 0.4 0.4 0.0 0.16 0.75 0.29 0.25 0.565 0.365 0.0 0.0 0.105 0.27 0.11 0.75 0.0 0.135 0.415 0.29 0.655 0.0 0.215 0.415 0.18 0.125 0.28 0.155 0.085 0.395 0.0 0.55 0.45 0.0 0.0 0.0 0.5 0.2 0.14 0.0 0.0 0.0 0.4 0.0 0.30000000000000004 0.35 0.585 0.45 0.11 0.36 0.33 0.335 0.625 0.0 0.63 0.085 0.835 0.0 0.0 0.585 0.6 0.45 0.14 1.0 0.25 0.38 0.0 0.33 0.5 0.21 0.0 0.6 0.22 0.675 0.4 0.125 0.125 0.71 0.43 0.75 0.33 0.17 0.5 0.11 0.0 0.41 0.5 0.335 0.7 0.12 0.14 0.2 1.0 0.33 1.0 0.62 0.42 0.255 0.33 0.415 0.0 0.585 0.455 0.75 0.0 0.765 0.6 0.0 0.25 0.62 0.0 0.0 0.13 0.0 0.0 0.5 0.0 0.44 0.38 0.75 0.43 0.835 0.25 0.33 0.465 1.0 0.6 0.035 0.07 0.14 0.67 0.6399999999999999 0.29 0.375 0.375 0.29 0.25 0.0 0.0 0.67 0.225 0.27 0.0 0.25 0.0 0.315 0.33 0.0 0.19 0.365 0.8 0.62 0.6 0.35 0.325 0.38 0.2 0.5 0.835 0.585 0.48 0.0 0.275 0.0 0.165 0.235 0.305 0.25 0.0 0.79 0.5 0.0 0.275 0.0 0.23 0.33 0.25 1.0 0.105 0.55 0.52 0.5 0.17 0.0 0.655 0.25 0.3 0.0 0.5 0.5 0.89 1.0 0.12 0.6950000000000001 0.38 0.0 0.06 0.33 0.56 1.0 0.33 0.88 0.0 1.0 0.085 0.325 0.25 0.0 0.89 0.325 1.0 1.0 0.07 0.56 0.5 0.86 0.5 1.0 0.235 0.46 0.13 0.235 0.16999999999999998 0.33 1.0 0.12 0.16499999999999998 0.0 0.06 1.0 1.0 0.7 0.5 0.37 0.30000000000000004 0.2 0.2 0.0 0.635 0.31 0.0 0.0 0.0 0.25 0.9 0.5 0.14 0.845 0.17 0.07 0.0 0.18 0.04 0.165 0.3 1.0 0.4 

BUBBLE_level0 
0.17 0.12 0.56 0.21 0.43 0.4 0.265 0.8 0.5 0.2 0.4 0.13 0.415 1.0 0.29 0.0 0.195 0.365 0.235 0.0 0.105 0.27 0.28 0.75 0.0 0.165 0.45 0.5349999999999999 0.345 0.0 0.43 0.415 0.23 0.25 0.28 0.72 0.185 0.395 0.5 0.55 0.45 0.0 0.33 0.0 0.5 0.4 0.23 0.0 0.25 0.5 0.4 0.4 0.225 0.0 0.585 0.5 0.11 0.25 0.33 0.335 0.25 0.0 0.63 0.17 0.67 0.0 0.385 0.135 0.185 0.45 0.14 1.0 0.125 0.44 0.30000000000000004 0.33 0.5 0.325 0.0 0.0 0.035 0.14 0.4 0.125 0.5 0.195 0.43 0.0 0.25 0.17 0.5 0.35 0.0 0.385 0.14 0.335 0.7 0.12 0.195 0.2 0.0 0.225 0.0 0.12 0.21 0.36 0.33 0.31 0.08499999999999999 0.415 0.095 0.835 0.0 0.3 0.325 0.25 0.25 0.23 0.25 0.14 0.13 0.25 0.225 0.33 0.17 0.44 0.62 0.225 0.43 0.0 0.25 0.33 0.27 0.0 0.45 0.43 0.07 1.0 0.415 0.87 0.86 0.75 0.25 0.5 0.25 1.0 0.5 0.835 0.325 0.535 0.45 0.8 1.0 0.66 0.4 0.0 0.35 0.265 0.6 0.75 0.4 0.53 0.9 0.62 0.8 0.5 0.33 0.415 0.38 0.5 0.615 1.0 0.67 0.62 0.69 0.55 0.0 0.79 0.445 0.0 0.835 1.0 0.43 0.5 0.75 0.67 0.89 0.55 0.5700000000000001 0.815 0.83 0.25 0.685 0.25 0.5 0.165 0.55 0.29000000000000004 0.0 0.1 0.06 0.1 0.0 0.0 0.0 0.0 0.0 0.0 0.0 0.0 0.0 0.0 0.0 0.23 0.0 0.0 0.0 0.1 0.0 0.0 0.0 0.15 0.0 0.0 0.0 0.165 0.0 0.0 0.13 0.05 0.0 0.0 0.0 0.11 0.0 0.15000000000000002 0.0 0.0 0.0 0.0 0.0 0.06 0.0 0.0 0.0 0.0 0.0 0.07 0.0 0.0 0.25 0.0 0.0 0.0 0.14 0.0 0.0 0.0 0.0 0.07 0.0 0.0 0.0 0.0 0.0 

bellwether0 
0.0 0.12 0.12 0.18 0.14 0.0 0.195 0.185 0.08 0.0 0.085 0.14 0.125 0.0 0.0 0.25 0.125 0.0 0.35 0.0 0.155 0.21 0.19 0.125 0.0 0.165 0.17 0.14 0.16 0.25 0.14 0.1 0.115 0.0 0.1 0.15 0.17 0.08 0.0 0.0 0.2 0.0 0.33 0.1 0.0 0.1 0.07 0.0 0.0 0.0 0.1 0.085 0.0 0.0 0.0 0.25 0.725 0.07 0.0 0.07 0.0 0.0 0.09 0.0 0.33 0.33 0.14 0.17 0.0 0.33 0.57 0.75 0.245 0.12 0.26 0.0 0.5 0.215 0.0 0.0 0.14 0.0 0.085 0.0 0.375 0.215 0.605 0.125 0.165 0.085 0.1 0.18 0.0 0.3 0.14 0.13 0.06 0.345 0.29 0.2 0.0 0.23 0.0 0.0 0.0 0.22 0.33 0.21 0.625 0.0 0.345 0.0 0.0 0.38 0.225 0.31 0.125 0.43 0.1 0.15500000000000005 0.0 0.25 0.125 0.585 0.0 0.22 0.86 0.25 0.29 0.0 0.03 0.0 0.0 0.0 0.1 0.21 0.0 0.185 0.33 0.0 0.0 0.75 0.0 0.13 0.0 0.0 0.25 0.25 0.0 0.07500000000000001 0.0 0.0 0.0 0.155 0.0 0.0 0.12 0.0 0.0 0.12 0.2 0.09 0.7 0.12 0.55 0.0 0.0 0.0 0.15 0.0 0.055 0.33 0.165 0.5 0.0 0.0 0.0 0.53 0.03 0.0 0.165 1.0 0.05 0.0 0.25 0.0 0.21 0.0 0.15 0.71 0.17 0.0 0.0 0.0 0.0 0.0 0.0 0.0 0.055 0.1 0.15 0.1 0.11 0.0 0.1 0.185 0.04 0.0 0.0 0.06 0.0 0.0 0.0 0.15 0.0 0.03 0.33 0.0 0.035 0.2 0.0 0.19 0.12 0.0 0.0 0.0 0.185 0.08 0.13 0.21 0.05 0.0 0.0 0.16 0.09 0.05 0.03 0.06 0.05 0.0 0.0 0.18 0.0 0.1 0.0 0.185 0.1 0.07 0.0 0.0 0.0 0.0 0.2 0.0 0.215 0.07 0.07 0.215 0.31 0.07 0.125 0.0 0.0 0.265 0.1 

