self_0 
0.0 0.0 0.67 0.765 0.585 0.6 0.29000000000000004 1.0 0.62 0.0 0.73 0.71 0.0 1.0 0.0 0.585 0.895 0.4 0.75 0.9 0.585 0.495 0.165 0.29000000000000004 0.915 0.61 0.0 0.0 0.0 1.0 0.585 0.5 1.0 0.605 1.0 0.55 0.29000000000000004 0.0 0.125 0.775 0.45 0.0 0.86 0.8 0.0 0.775 0.33 0.0 0.775 0.69 0.765 0.0 0.0 0.365 0.0 1.0 0.5 0.6 0.0 0.5 0.6 0.5 0.9 0.0 0.69 0.83 0.585 0.25 0.33 1.0 0.67 0.0 0.55 0.91 0.45 0.0 0.0 0.67 0.855 0.7 0.775 0.78 0.375 1.0 0.0 0.875 1.0 0.815 0.0 0.0 0.775 0.55 0.0 0.5 0.45 0.895 0.375 0.67 0.0 0.16 0.645 0.33 0.86 1.0 0.0 1.0 0.335 0.715 0.585 0.835 0.0 0.0 0.815 0.0 0.71 0.83 0.5 0.415 0.0 0.0 0.0 0.87 0.5 0.69 0.835 0.45 0.0 0.0 0.67 0.79 0.685 0.415 0.67 0.585 0.67 0.415 0.915 0.7 0.43 1.0 0.67 0.125 0.0 0.71 0.165 0.25 0.765 0.7 1.0 0.875 0.25 0.0 0.395 0.75 0.545 0.71 0.33 0.5 0.71 0.655 0.0 0.0 0.0 0.585 0.45 0.815 0.645 0.375 0.75 0.45 0.5 0.9 0.94 0.0 0.775 0.25 0.415 0.55 0.0 0.125 0.415 0.815 0.47 0.45 0.95 1.0 0.5800000000000001 1.0 0.07 0.67 0.775 0.75 0.66 0.635 0.33 0.27 0.38 0.5 0.53 0.86 0.705 1.0 0.645 1.0 0.71 0.5 0.165 0.0 0.635 0.69 0.74 0.29000000000000004 0.9 1.0 0.585 0.645 0.9 1.0 0.705 0.53 0.75 0.905 0.5 0.585 0.46 1.0 0.0 0.0 0.0 0.71 0.635 0.725 0.0 0.635 0.1 0.61 0.56 0.5 0.585 0.7350000000000001 0.465 0.465 0.5 0.0 0.5349999999999999 0.7 0.845 0.62 0.835 0.415 0.0 0.0 0.67 0.585 0.0 0.775 0.67 0.775 0.0 0.73 0.365 0.765 0.71 0.0 1.0 0.925 0.6950000000000001 0.45 0.67 0.835 0.0 0.5 

BUBBLE_level2 
0.0 0.0 0.625 0.585 0.0 0.30000000000000004 0.0 0.0 0.525 0.0 1.0 1.0 0.23 1.0 0.0 0.0 1.0 0.365 0.0 1.0 0.345 0.48 0.0 0.5 0.0 0.5 0.04 0.0 0.0 0.5 0.39 0.415 1.0 0.5 0.67 0.1 0.27 0.25 0.14 0.6 0.33 0.0 1.0 0.585 0.0 0.75 0.5 0.365 0.69 0.75 1.0 0.0 0.0 0.0 0.25 0.55 0.0 0.135 0.045 0.635 0.46 0.415 0.5 0.0 0.775 0.8 0.415 0.0 0.1 1.0 0.67 0.29 0.535 0.815 0.5 0.0 0.0 0.0 1.0 0.835 0.0 0.655 0.365 0.0 0.0 0.25 0.0 0.81 0.0 0.095 0.585 0.585 0.0 0.0 0.365 0.83 0.14 0.75 0.33 0.26 0.445 0.165 0.88 0.75 0.07 0.335 0.0 0.585 0.39 0.0 0.0 0.0 1.0 0.0 0.75 1.0 0.0 0.0 0.0 0.0 0.0 0.67 0.5 0.685 0.5 0.835 0.5 0.0 0.33 0.74 0.75 0.5 0.0 0.415 0.585 0.33 0.0 1.0 0.0 0.0 0.69 0.5 0.0 0.33 0.0 0.0 0.73 1.0 1.0 0.0 0.0 0.0 0.33 0.0 0.465 0.9 0.29000000000000004 0.565 1.0 0.585 0.0 0.0 0.0 0.465 0.315 1.0 0.47 0.0 0.33 0.0 0.0 0.0 1.0 0.125 0.0 0.14 0.5 0.57 0.0 0.5 0.0 0.5 0.5 0.18 1.0 0.0 0.0 0.67 0.165 0.67 0.55 0.0 0.75 0.6 0.045 0.27 0.5 0.0 0.0 0.845 0.815 0.0 0.25 0.165 0.5 0.585 0.125 0.06 0.21 0.375 0.565 0.415 0.14 0.0 0.0 0.0 1.0 0.0 0.815 0.745 0.5349999999999999 0.855 0.0 0.5 0.125 0.0 0.0 0.215 0.125 0.67 0.0 0.875 0.0 1.0 0.0 0.9 0.62 0.635 0.415 0.24 0.2 0.0 0.0 0.325 0.29000000000000004 0.625 1.0 0.635 0.5 0.0 0.33 0.0 0.415 0.365 0.29000000000000004 1.0 0.0 0.5 0.0 0.665 0.5 0.79 0.36 0.29000000000000004 0.0 1.0 0.455 0.21 0.5 0.0 0.33 0.585 

BUBBLE_level1 
0.365 0.375 0.67 0.725 0.465 0.5 0.14500000000000002 0.0 0.69 0.125 0.5 1.0 0.25 0.8 0.0 0.0 0.78 0.225 0.0 1.0 0.5 0.54 0.15500000000000005 0.5 0.0 0.62 0.07 0.0 0.11 0.875 0.29000000000000004 0.315 1.0 0.5 0.635 0.425 0.365 0.0 0.175 1.0 0.365 0.0 0.7350000000000001 0.25 0.0 0.67 0.0 0.0 1.0 0.5 1.0 0.2 0.0 0.5 0.25 0.635 0.5 0.015 0.195 0.585 0.415 0.45 0.0 0.0 0.775 0.5349999999999999 0.75 0.0 0.3 1.0 0.31 0.205 0.465 0.83 0.345 0.25 0.0 0.67 0.83 0.5650000000000001 0.375 0.61 0.0 0.0 0.0 0.0 0.0 0.94 0.17 0.14 0.655 0.585 0.415 0.33 0.165 1.0 0.1 0.47 0.33 0.15 0.565 0.5 0.86 0.71 0.105 0.71 0.27 0.725 0.26 0.415 0.0 0.0 0.67 0.0 0.75 1.0 0.33 0.325 0.0 0.25 0.185 1.0 0.835 0.585 0.0 0.0 0.5 0.0 0.415 0.635 0.5 0.365 0.5 0.655 0.5 0.33 0.75 0.705 0.165 0.0 0.815 0.29000000000000004 0.185 0.5 0.29000000000000004 0.29000000000000004 0.72 0.83 1.0 1.0 0.33 0.45 0.215 0.29000000000000004 0.465 1.0 0.305 0.345 1.0 0.585 0.0 0.0 0.17 0.4 0.25 0.5 0.585 0.0 0.1 0.5 0.365 1.0 1.0 0.055 0.0 0.29000000000000004 0.0 0.5 0.265 0.25 0.33 1.0 0.35 0.13 1.0 1.0 0.415 1.0 0.29000000000000004 0.71 0.67 0.4 0.635 0.5 0.05 0.2 0.5 0.0 0.345 0.93 0.6950000000000001 0.0 0.635 0.125 0.5 0.465 0.33 0.035 0.26 1.0 0.5 0.33 0.30000000000000004 0.2 0.415 0.515 1.0 0.71 0.67 0.49 0.5 1.0 0.345 0.5 0.12 0.23 0.0 0.14500000000000002 0.33 0.48 0.585 0.71 0.265 0.5 0.165 0.445 0.33 0.5 0.435 0.27 0.125 0.5 0.0 0.21 0.38 0.625 0.8 0.5 0.165 0.0 0.125 0.0 0.4 0.365 0.0 1.0 0.0 0.775 0.185 0.55 0.29 0.71 0.165 0.0 0.0 1.0 0.45 0.875 0.5 0.0 0.25 0.5349999999999999 

BUBBLE_level0 
0.25 0.0 0.44 0.565 0.445 0.5 0.19 0.29 0.37 0.25 0.5 0.5 0.23 0.775 0.0 0.0 0.785 0.225 0.575 1.0 0.585 0.54 0.125 0.5 0.5 0.465 0.015 0.0 0.17 0.665 0.365 0.315 1.0 0.59 0.5 0.425 0.185 0.0 0.175 0.5 0.365 0.0 1.0 0.75 0.0 0.67 0.465 0.25 1.0 0.71 0.775 0.2 0.0 0.33 0.0 0.635 0.365 0.015 0.13 0.585 0.415 0.5 0.0 0.0 0.5 0.61 0.75 0.06 0.38 1.0 0.7350000000000001 0.205 0.465 0.815 0.365 0.31 0.265 0.585 0.83 0.5900000000000001 0.875 1.0 0.1 0.0 0.0 0.0 0.835 0.755 0.415 0.14 1.0 0.67 0.415 0.33 0.265 1.0 0.115 0.67 0.33 0.15 0.565 0.33 0.86 0.75 0.14 1.0 0.5 0.7849999999999999 0.4 0.5 0.15500000000000005 0.0 0.5 0.0 0.67 1.0 0.07 0.635 0.0 0.25 0.0 0.75 0.5 0.585 0.0 0.415 0.25 0.0 0.5 0.735 0.5650000000000001 0.365 0.5 0.655 0.585 0.33 1.0 0.67 0.345 0.0 0.47 0.5 0.12 0.3 0.25 0.0 0.67 0.83 0.6 0.585 0.45 0.415 0.13 0.25 0.515 0.71 0.25 0.215 1.0 0.25 0.225 0.0 0.115 0.0 0.225 0.635 0.475 0.27 0.1 0.5 0.415 1.0 1.0 0.255 0.79 0.055 0.5 0.6 0.0 0.115 0.0 1.0 0.38 0.12 1.0 1.0 0.33 0.8 0.135 0.6 0.585 0.33 0.605 0.5 0.03 0.11 0.33 0.5 0.355 0.93 0.715 0.775 0.5 0.0 0.0 0.0 0.0 0.0 0.0 0.0 0.0 0.0 0.0 0.0 0.0 0.0 0.25 0.5 0.0 0.325 0.0 0.165 0.0 0.0 0.0 0.0 0.0 0.07 0.0 0.0 0.0 0.675 0.0 0.0 0.0 0.0 0.0 0.0 0.0 0.0 0.0 0.0 0.0 0.0 0.0 0.0 0.0 0.5 0.0 0.0 0.0 0.0 0.0 0.0 0.0 1.0 0.0 0.0 0.0 0.0 0.25 0.0 1.0 0.0 0.0 1.0 0.61 0.0 0.0 0.0 0.0 0.0 

bellwether0 
0.0 0.0 0.365 0.5349999999999999 0.5 1.0 0.05 0.0 0.395 0.0 0.0 0.415 0.225 0.5 0.0 0.0 0.8300000000000001 0.0 0.43 1.0 0.23 0.48 0.105 0.0 0.0 0.465 0.0 0.0 0.0 0.165 0.5 0.33 1.0 0.565 0.5 0.585 0.25 0.0 0.0 0.165 0.75 0.0 1.0 0.5 0.0 0.875 0.0 0.415 0.835 0.75 1.0 0.0 0.0 0.0 0.0 0.0 0.0 0.08 0.0 0.585 0.55 0.0 0.0 0.0 0.915 0.815 0.345 0.0 0.355 1.0 1.0 0.22000000000000006 0.38 0.79 0.425 0.165 0.06 1.0 0.86 0.655 1.0 1.0 0.165 0.0 0.0 0.0 1.0 0.84 0.145 0.105 0.915 0.415 0.0 0.165 0.34 1.0 0.11 0.585 0.0 0.0 0.55 0.5 0.9 0.0 0.09 1.0 0.0 1.0 0.47 0.5 0.15500000000000005 0.09 1.0 0.115 0.25 1.0 0.405 0.5 0.165 0.33 0.085 0.93 0.465 0.875 0.0 0.5 0.45 0.0 0.5349999999999999 0.68 0.585 0.29000000000000004 0.25 0.25 0.75 0.585 0.0 0.94 0.0 0.0 0.7350000000000001 0.415 0.0 0.0 0.2 0.0 0.83 1.0 0.0 0.0 0.0 0.0 0.0 0.0 0.25 0.0 0.30000000000000004 0.85 0.0 0.635 0.0 0.0 0.0 0.0 0.47 0.585 0.585 0.29000000000000004 0.0 0.0 0.0 0.875 1.0 0.45 0.0 0.5 0.4 0.0 0.0 0.0 0.0 1.0 0.31 0.45 1.0 1.0 0.165 0.67 0.0 1.0 0.75 0.0 0.6 0.835 0.12 0.13 0.33 0.0 0.585 0.0 0.875 0.5 0.335 0.0 0.75 0.875 0.365 0.0 0.25 1.0 0.4 0.0 0.0 0.0 0.0 0.33 0.5 1.0 0.5 0.5 0.0 0.825 0.33 0.75 0.5 0.0 0.0 0.215 0.0 0.9 0.0 1.0 0.0 0.6 0.25 0.39 0.7 0.5 0.835 0.14 0.185 0.625 0.0 0.0 0.585 0.875 1.0 0.515 0.0 0.0 0.0 0.0 0.5 0.5 0.0 0.0 0.33 0.0 0.0 1.0 0.375 0.95 0.585 0.0 0.0 1.0 0.5349999999999999 0.315 1.0 0.0 0.375 0.9 

