self_0 
0.0 0.0 0.7 0.625 0.585 0.5 0.2 1.0 0.55 0.0 0.5 0.465 0.0 0.875 0.0 0.5 0.88 0.415 0.8 1.0 0.5 0.375 0.125 0.25 0.9 0.525 0.0 0.0 0.0 0.75 0.415 0.33 1.0 0.525 0.67 0.585 0.33 0.0 0.125 0.67 0.415 0.0 0.83 0.75 0.0 0.71 0.33 0.0 0.7 0.71 0.75 0.0 0.0 0.415 0.0 0.67 0.375 0.41 0.0 0.415 0.45 0.5 1.0 0.0 0.6 0.83 0.55 0.25 0.25 1.0 0.67 0.0 0.33 1.0 0.29 0.0 0.0 0.585 0.83 0.5800000000000001 0.775 0.75 0.415 1.0 0.0 0.71 1.0 0.815 0.0 0.0 0.71 0.5 0.0 0.33 0.24 1.0 0.29000000000000004 0.635 0.0 0.415 0.49 0.33 0.88 1.0 0.0 1.0 0.25 0.67 0.23 0.5 0.0 0.0 0.675 0.0 0.83 1.0 0.25 0.5 0.0 0.0 0.0 0.815 0.33 0.635 0.5 0.33 0.0 0.0 0.4 0.895 0.4 0.415 0.67 0.5 0.675 0.33 0.915 0.75 0.2 0.625 0.6599999999999999 0.165 0.0 0.33 0.25 0.25 0.78 0.73 0.71 1.0 0.165 0.0 0.14 0.75 0.45 0.8 0.12 0.44 0.75 0.525 0.0 0.0 0.0 0.415 0.2 0.75 0.585 0.33 1.0 0.415 0.67 1.0 1.0 0.0 0.9 0.25 0.415 0.415 0.0 0.25 0.5 1.0 0.415 0.4 1.0 1.0 0.45 0.915 0.1 0.55 0.8 0.835 0.67 0.6 0.33 0.5 0.415 0.5 0.465 0.86 0.71 1.0 0.67 0.875 0.62 0.29000000000000004 0.125 0.0 0.31 0.69 0.605 0.415 0.675 0.5 0.5 0.5349999999999999 0.955 0.8 0.76 0.33 0.67 0.735 0.5 0.5 0.5 0.585 0.0 0.0 0.0 0.5349999999999999 0.75 0.815 0.0 0.47 0.165 0.44 0.44 0.415 0.585 0.365 0.25 0.4 0.33 0.0 0.415 0.665 0.845 0.58 0.67 0.45 0.0 0.0 0.4 0.5 0.0 0.75 0.5 0.7 0.0 0.8 0.25 0.785 0.625 0.0 1.0 1.0 0.53 0.38 0.5 0.5 0.0 0.5 

BUBBLE_level2 
0.0 0.0 0.485 0.745 0.0 0.225 0.0 0.0 0.6499999999999999 0.0 0.33 0.29 0.8 0.45 0.0 0.0 0.02 0.415 0.0 0.56 0.5 0.3 0.0 0.2 0.0 0.36 1.0 0.0 0.0 0.29000000000000004 0.75 0.17 0.08 0.12 0.67 0.05 0.67 0.75 0.75 0.71 0.33 0.0 0.5 0.25 0.0 0.25 0.835 0.415 0.6 0.14 0.13 0.0 0.0 0.0 0.5 0.585 0.0 0.315 0.25 0.75 0.2 0.33 0.33 0.0 0.4 0.45 0.465 0.0 0.1 0.385 0.33 0.375 0.5 0.64 0.395 0.0 0.0 0.0 0.29 0.08 0.0 0.87 0.665 0.0 0.0 0.125 0.0 0.83 0.0 0.5 0.5349999999999999 0.33 0.0 0.0 0.08 0.62 0.33 0.4 0.415 0.5 0.16 0.165 0.43 0.6 0.75 0.1 0.0 0.33 0.29 0.0 0.0 0.0 0.45 0.0 0.17 0.2 0.0 0.0 0.0 0.0 0.0 0.56 0.5 0.27 0.5 0.415 0.5 0.0 0.2 0.23 0.25 0.5 0.0 0.12 0.25 0.5 0.0 0.1 0.0 0.0 0.71 0.67 0.0 1.0 0.0 0.0 0.38 0.13 0.33 0.0 0.0 0.0 0.215 0.0 0.28500000000000003 0.2 0.29000000000000004 0.36 0.55 0.665 0.0 0.0 0.0 0.585 0.55 0.2 0.67 0.0 1.0 0.0 0.0 0.0 0.5 0.125 0.0 1.0 1.0 1.0 0.0 0.5 0.0 0.17 0.17 0.55 0.38 0.0 0.0 0.265 0.55 0.5 0.265 0.0 0.205 0.30000000000000004 0.165 1.0 0.415 0.0 0.0 0.71 0.235 0.0 0.085 0.165 0.235 0.33 0.125 1.0 0.33 0.07 0.5700000000000001 0.5 0.225 0.0 0.0 0.0 0.1 0.0 0.5 0.185 0.465 0.35 0.0 0.225 0.585 0.0 0.0 0.195 0.165 0.17 0.0 0.25 0.0 0.16999999999999998 0.0 0.22 0.335 0.5 0.25 0.7 0.415 0.0 0.0 1.0 0.25 0.825 0.33 0.29000000000000004 0.125 0.0 0.5 0.0 0.675 0.5 0.5 0.25 0.0 0.365 0.0 0.2 0.415 0.365 0.5 0.5 0.0 0.32 0.5900000000000001 0.17 0.225 0.0 1.0 0.775 

BUBBLE_level1 
0.33 1.0 0.39 0.565 0.33 0.5 0.75 0.0 0.7 0.5 0.33 0.29 0.365 0.625 0.0 0.0 0.72 0.25 0.0 0.56 0.29000000000000004 0.365 0.25 0.75 0.0 0.45 0.5 0.0 1.0 0.33 0.25 0.415 0.08 0.325 0.5 0.47 0.5 0.0 0.5 0.29000000000000004 0.5 0.0 0.25 0.125 0.0 0.875 0.0 0.0 0.55 0.14 0.27 0.5 0.0 0.5 0.5 0.5 0.625 0.045 0.75 0.5 0.5 0.67 0.0 0.0 0.4 0.5 0.2 0.0 0.775 0.845 0.25 0.84 0.585 0.91 0.405 0.5 0.0 0.585 0.6399999999999999 0.2 0.1 0.405 0.0 0.0 0.0 0.0 0.0 0.25 1.0 0.75 0.86 0.67 0.5 0.5 0.05 0.315 0.67 0.4 0.415 1.0 0.23 0.29000000000000004 0.255 0.30000000000000004 0.75 0.6 1.0 0.53 0.29 0.5 0.0 0.0 0.675 0.0 0.75 0.2 0.75 0.5 0.0 0.25 0.75 0.405 0.33 0.165 0.0 0.0 0.5 0.0 0.8 0.25 0.775 0.585 0.835 0.47 0.25 0.5 0.4 0.6 0.1 0.0 0.43 0.5 0.5 0.5 0.75 0.75 0.46 0.42 0.67 0.67 0.5 0.5 0.36 0.5 0.28500000000000003 0.2 0.5 0.62 0.5 0.665 0.0 0.0 1.0 0.67 0.33 0.2 0.5 0.0 0.25 0.75 0.5 0.22 0.75 0.125 0.0 1.0 0.0 0.29000000000000004 1.0 0.585 0.5 0.33 0.465 0.6 0.37 0.5 0.4 0.365 0.75 0.675 0.30000000000000004 1.0 0.17 0.6 0.67 0.5 0.5 0.0 0.5 0.57 0.47 0.0 0.5 0.125 0.88 1.0 0.29000000000000004 0.75 0.465 0.17 0.21 0.5 0.6 1.0 0.5 1.0 0.14 0.8 0.16 0.6 0.23 0.265 1.0 0.45 1.0 1.0 0.0 0.615 0.67 0.845 0.325 0.87 1.0 0.71 0.165 0.5 0.14 0.415 1.0 0.4 0.25 0.1 0.0 1.0 1.0 0.885 0.31 0.41 0.125 0.0 0.165 0.0 0.775 0.5 0.0 0.25 0.0 0.5 1.0 0.30000000000000004 0.25 0.81 0.125 0.0 0.0 0.2 0.44 0.38 0.225 0.0 1.0 0.4 

BUBBLE_level0 
0.165 0.0 0.655 0.475 0.415 0.5 0.45 1.0 0.7 0.5 0.33 0.31 0.8 0.75 0.0 0.0 0.30000000000000004 0.25 0.2 0.385 0.5 0.365 0.5 0.75 0.1 0.26 0.25 0.0 0.5 0.33 0.5 0.415 0.205 0.5 0.33 0.47 0.67 0.0 0.5 0.33 0.5 0.0 0.33 0.55 0.0 0.875 0.5 0.33 0.55 0.31 0.685 0.5 0.0 0.33 0.0 1.0 0.375 0.045 0.75 0.5 0.5 0.5 0.0 0.0 0.30000000000000004 0.635 0.2 0.25 0.325 0.21 0.33 0.84 0.585 0.75 0.29 0.67 0.375 0.33 0.6399999999999999 0.52 0.5 0.27 0.25 0.0 0.0 0.0 0.2 0.27 0.75 0.75 0.43 0.67 0.5 0.5 0.225 0.29000000000000004 0.71 0.465 0.415 1.0 0.23 0.29000000000000004 0.255 0.225 0.75 0.4 0.5 0.4 0.57 0.415 0.5 0.0 0.225 0.0 0.5349999999999999 0.2 0.125 1.0 0.0 0.25 0.0 0.465 0.33 0.165 0.0 0.25 0.5 0.0 0.8 0.73 0.25 0.585 0.33 0.47 0.55 0.33 0.365 0.5 0.585 0.0 1.0 0.67 1.0 0.875 1.0 0.0 0.48 0.42 0.75 0.33 1.0 0.5 0.5 1.0 0.8 0.5 0.75 0.395 0.5 0.3 1.0 0.0 1.0 0.0 0.45 0.635 0.67 0.5 0.25 0.25 0.33 0.22 0.33 0.5 0.375 0.25 1.0 0.875 0.0 0.5 0.0 0.55 0.77 0.6 0.38 0.5 0.8 0.7350000000000001 0.5 0.4 0.8 0.5 0.87 0.6 0.33 0.5 0.835 0.5 0.67 0.57 0.68 0.395 0.5 0.0 0.0 0.0 0.0 0.0 0.0 0.0 0.0 0.0 0.0 0.0 0.0 0.0 0.045 0.085 0.0 0.21 0.0 0.03 0.0 0.0 0.0 0.0 0.0 0.06 0.0 0.0 0.0 0.13 0.0 0.0 0.0 0.0 0.0 0.0 0.0 0.0 0.0 0.0 0.0 0.0 0.0 0.0 0.0 0.08 0.0 0.0 0.0 0.0 0.0 0.0 0.0 0.25 0.0 0.0 0.0 0.0 0.125 0.0 0.25 0.0 0.0 0.16 0.47 0.0 0.0 0.0 0.0 0.0 

bellwether0 
0.0 0.0 0.17 0.375 0.25 0.375 0.1 0.0 0.14500000000000002 0.0 0.0 0.15500000000000005 0.365 0.1 0.0 0.0 0.215 0.0 0.25 0.29000000000000004 0.25 0.335 0.375 0.0 0.0 0.18 0.0 0.0 0.0 0.125 0.25 0.17 0.3 0.16 0.33 0.22 0.33 0.0 0.0 0.125 0.33 0.0 0.25 0.325 0.0 0.25 0.0 0.33 0.2 0.14 0.25 0.0 0.0 0.0 0.0 0.0 0.0 0.73 0.0 0.5 0.2 0.0 0.0 0.0 0.2 0.65 0.365 0.0 0.5 0.685 0.5 0.75 0.71 0.6 0.71 0.165 0.125 0.29000000000000004 0.71 0.56 0.5 0.335 0.165 0.0 0.0 0.0 0.325 0.325 0.25 0.5 0.29 0.33 0.0 0.165 0.23 0.12 0.585 0.265 0.0 0.0 0.485 0.585 0.28 0.0 0.75 0.2 0.0 0.17 0.585 0.5 0.5 1.0 0.325 0.75 0.085 0.2 0.6 0.5 0.5 0.5 0.25 0.44 0.33 0.13 0.0 0.33 0.75 0.0 0.4 0.775 0.5 0.5 0.165 0.03 0.225 0.33 0.0 0.5 0.0 0.0 0.43 0.5 0.0 0.0 0.5 0.0 0.23 0.215 0.0 0.0 0.0 0.0 0.0 0.0 0.045 0.0 0.185 0.215 0.0 0.3 0.0 0.0 0.0 0.0 0.265 0.55 0.25 0.415 0.0 0.0 0.0 0.12 0.23 0.415 0.0 0.75 0.585 0.0 0.0 0.0 0.0 0.17 0.33 0.2 0.33 0.25 0.1 0.33 0.0 0.25 0.4 0.0 0.2 0.185 0.33 0.5 0.33 0.0 0.33 0.0 0.16 0.07 0.085 0.0 0.235 0.415 0.25 0.0 0.17 0.14 0.21 0.0 0.0 0.0 0.0 0.12 0.045 0.365 0.04 0.29000000000000004 0.0 0.21 0.4 0.25 0.5 0.0 0.0 0.39 0.0 0.15500000000000005 0.0 0.12 0.0 0.275 0.165 0.33 0.18 0.25 0.415 0.2 0.25 0.2 0.0 0.0 0.17 0.31 0.14 0.16999999999999998 0.0 0.0 0.0 0.0 0.2 0.415 0.0 0.0 0.5 0.0 0.0 0.325 0.25 0.24 0.25 0.0 0.0 0.115 0.18 0.15500000000000005 0.2 0.0 0.5 0.325 

